3750678.0 2655.0 2.2302125589E10 1.2959287612E10 0.002609 3716546.0 23752.38744884 5.6473752E7 0.14545454545454548 0.0024
4101975.0 2603.0 2.1047013873E10 1.3593462021E10 0.00497 4451702.0 23204.63847203 5.7064222E7 0.14545454545454548 0.0043
4584717.0 2682.0 2.2871055114E10 1.4714628825E10 0.00687 4280952.0 24499.31787176 5.7931024E7 0.07272727272727274 0.0058
5250622.0 2981.0 2.9428369529E10 1.5345066893E10 0.01029 3892021.0 28134.3792633 5.8812142E7 0.0 0.0064
5606712.0 2173.0 2.3270019026E10 1.8105872075E10 0.029 3686668.0 26989.08594816 5.9706364E7 0.21818181818181823 0.0239
5922859.0 2727.0 3.5709010773E10 2.1637040881E10 0.045 3515782.0 30275.579809 6.0614245E7 0.21818181818181823 0.0278
6305707.0 2888.0 4.3626642496E10 2.3224464973E10 0.081 3499635.0 31570.25920873 6.1536765E7 0.36363636363636365 0.0518
6863462.0 3021.0 4.8558720673E10 2.6261071548E10 0.152 3456966.0 31420.87312415 6.28651E7 0.29090909090909095 0.0931
7371541.0 4338.0 4.5921391902E10 2.6973951738E10 0.26 3223622.0 31321.28240109 6.3451216E7 0.21818181818181823 0.2
7758511.0 3907.0 4.0671272031E10 2.6587224962E10 0.423 2939896.0 31221.69167804 6.4385998E7 0.14545454545454548 0.22
8320449.0 4130.0 5.4502820503E10 2.7774906045E10 0.621 2749105.0 32964.52933151 6.5311745E7 0.07272727272727274 0.58
8521956.0 3021.0 4.1399082953E10 3.1334216356E10 1.251 2551467.0 30524.55661664 6.6229101E7 0.0 1.0
8655170.0 3492.0 5.1553797328E10 3.6059089029E10 1.573 2441534.0 32416.78035471 6.7140214E7 0.36363636363636365 1.48
8903843.0 4548.0 6.9339692058E10 4.7252836302E10 1.402 2375044.0 31719.64529332 6.6229334E7 0.36363636363636365 1.8
1.0236357E7 5802.0 9.7539765968E10 6.316715282E9 1.466 2275530.0 32416.78035471 6.7140245E7 0.21818181818181823 2.29
1.1145826E7 7053.0 1.16774150907E11 7.3476408143E10 1.33 2281131.0 32217.59890859 6.8938124E7 0.14545454545454548 2.57
1.2227393E7 7638.0 1.39576174E11 8.553467612E10 1.56 2175668.0 33014.32469304 6.982545E7 0.07272727272727274 2.75
1.3022945E7 9213.0 1.70062714501E11 1.07271749904E11 1.29 2134175.0 33462.48294679 7.0586256E7 0.0 3.06
1.3765395E7 10283.0 2.01963574109E11 1.32027195626E11 1.23 2160067.0 32615.96180082 7.15171E7 0.21818181818181823 2.78
1.43167E7 8528.0 1.40928421211E11 1.02142612603E11 1.52 2401799.0 33761.25511596 7.2561312E7 0.29090909090909095 3.38
1.5095603E7 10001.0 1.85544331852E11 1.13883219184E11 1.57 2496113.0 32366.98499318 7.3722988E7 0.14545454545454548 3.87
1.6089528E7 10437.0 2.40841676274E11 1.3490686883E11 1.6 2367251.0 32615.96180082 7.4724269E7 0.07272727272727274 4.29
1.7033413E7 10490.0 2.36545140909E11 1.52461736556E11 1.8 2337551.0 34259.20873124 7.5627384E7 0.0 4.57
1.7939447E7 10806.0 2.5166125011E11 1.51802637087E11 1.92 2398454.0 35802.86493861 7.6667864E7 0.14545454545454548 5.0
1.8828721E7 10482.0 2.42177117073E11 1.5761015769E11 2.17 2455893.0 36101.63710778 7.7695904E7 0.29090909090909095 4.6
1.9994472E7 9680.0 2.07206812505E11 1.43861522405E11 2.63 2501005.0 36350.61391542 7.8741053E7 0.8 4.45
