0.0 0.044665817213019814 0.004353978267708101 0.03512417841395488 0.0 0.5462274225931348 0.03333333333346003 0.0 0.0
0.017301229010907183 0.039847098343565396 0.0 0.03847752618055428 7.188880528250267E-4 0.8 0.0 0.021213886676252323 3.041459900752362E-4
0.041076068805107974 0.04716784431831345 0.006327592852075101 0.04440596186768206 0.0012974087221886655 0.7410578603830722 0.07878787878801234 0.052355586337113784 5.442612453977908E-4
0.07387160905881963 0.07487547781767637 0.029074894222528614 0.04773955284408338 0.0023387459270432158 0.6068006111687156 0.299999999999924 0.08401161865104352 6.403073475268129E-4
0.09140889129719326 0.0 0.007711597303873086 0.0623379657722779 0.008035652097460943 0.5359136700456996 0.2303030303031869 0.11613843994833502 0.0034416519929566197
0.10697899764057583 0.05133788949380285 0.05086241730517282 0.08100985927828899 0.012907405102628425 0.4769245838344063 0.43030303030273065 0.1487559897807103 0.004065951656795261
0.1258341000877012 0.06625738445499826 0.07832865478363665 0.08940374108431795 0.023868849364255266 0.4713507113401484 0.5090909090907432 0.1818994767259849 0.00790779574195614
0.15330329847817573 0.07858218464033362 0.09543801718026285 0.10546051936456113 0.04548725332468598 0.4566215625535323 0.500000000000076 0.22962272796330369 0.014518969105170483
0.1783259748307569 0.2006255067763234 0.0862891326567952 0.10923004263617814 0.07837158610956652 0.37607225287990176 0.49393939393922576 0.2506801879581185 0.03163118296782456
0.19738408403849494 0.1606857407621916 0.06807648470698 0.10718513298328203 0.12800256984971023 0.2781313011671493 0.48787878787898376 0.2842642132515297 0.03483271970545861
0.22505929341384162 0.18135063129850573 0.11605807924405082 0.11346527871383988 0.18829051328865787 0.21227109759670545 0.5939393939389974 0.31752363701375397 0.09246038098287178
0.23498342813261483 0.07858218464033362 0.07060125831636647 0.13228597710948584 0.3801157878671275 0.1440473401172888 0.445454545454248 0.3504815963102129 0.15969265247318715
0.24154416141943194 0.12222865747712267 0.10582792789478435 0.1572698632465107 0.4781598170961231 0.10609895807039141 0.560606060606146 0.383215262595139 0.23652953417640465
0.25379120173525965 0.22008571759527396 0.16752713613176973 0.2164594598071511 0.4260929568533956 0.08314690616333704 0.5181818181820188 0.35048996732922416 0.2877541219785497
0.31941695394561154 0.3362909764855786 0.26535309647194255 0.0 0.4455799688740656 0.04879511651859936 0.560606060606146 0.3832163763358658 0.3661917720505843
0.364207918421029 0.45221823236418396 0.3320771123101773 0.3551228224678099 0.40417006833014196 0.05072855677625331 0.5484848484844451 0.4478089913097236 0.41101328637746115
0.41747463677512786 0.5064288196455462 0.4111772527527355 0.41888377752351896 0.47420151777942454 0.014323198823573578 0.5969696969694226 0.4796880591859786 0.4398271170161677
0.45665523707084693 0.6523804007876752 0.5169349579090444 0.5338237164291624 0.3919906858172233 0.0 0.6242424242420324 0.5070216278120101 0.4894509364494957
0.49322058627436427 0.7515348082937565 0.6275989312301564 0.6647240136422609 0.3737216120478452 0.008937803097871136 0.5727272727272383 0.5404641721059952 0.4446294221226188
0.5203721248865875 0.58890304644967 0.4158681937217408 0.5067021850825861 0.4620221352665058 0.09238261301810076 0.6424242424239749 0.5779797021650716 0.5406755242516408
0.558732768957794 0.7254025251940229 0.5706406357669879 0.5687834300811027 0.47724636340765425 0.12493938581945324 0.5575757575757209 0.6197153754736598 0.6191131743236754
0.6076831557947608 0.765805629560987 0.7624669352159827 0.6799509694609236 0.4863809002923433 0.08045679726708686 0.5727272727272383 0.655688518334575 0.6863454458139908
0.6541690937474337 0.7707170161010078 0.7475622686694319 0.7727765008076636 0.5472778128569369 0.07020448952698287 0.6727272727270103 0.6881348395119822 0.7311669601408677
0.6987908859223406 0.8 0.8 0.7692913558680827 0.583815960395693 0.09122793391403855 0.76666666666654 0.7255162895583979 0.8
0.7425872551695744 0.7699756747364763 0.7670995747990051 0.8 0.6599371011014349 0.11105562092696225 0.7848484848484826 0.7624508062292776 0.7359692652473186
0.8 0.6956562029421987 0.6457877073666359 0.7273008264407208 0.8 0.12662808243442256 0.8 0.8 0.7119577397150634
