0.0 0.0 0.0 0.0 0.09828571428571425 0.5252983670910231 0.8017660081188182 0.0
0.0961181913126839 0.16030680728667307 0.12373774867350373 0.11536573246135702 0.13485714285714287 0.3082735872202383 0.8015001574342655 0.1225
0.16172089067265707 0.3202301054650048 0.20813538171046653 0.1900993718309042 0.0571428571428572 0.320488509663877 0.8015761147727123 0.19249999999999995
0.2397375297649935 0.3950143815915628 0.3081872826995822 0.2775119165019 0.18857142857142864 0.09048987269307308 0.8012722854189361 0.23749999999999996
0.29712305767328434 0.5963566634707574 0.4419577082125318 0.4350878607572026 0.03428571428571432 0.0 0.8011013814074384 0.315
0.3506781806514311 0.7331415787791626 0.5819339565458267 0.6145445232469601 0.0 0.056466483112068255 0.8014242000958224 0.24499999999999994
0.3904454472329748 0.5087887503994887 0.31412074323139405 0.39790582526384943 0.16571428571428576 0.5836469209170461 0.8009874453997718 0.39499999999999996
0.44663003333715334 0.6970917225950783 0.5098887527534499 0.4830155864166905 0.19428571428571437 0.7893312978764006 0.8015191467688774 0.5175000000000001
0.518324794743382 0.7528283796740173 0.7525253120844254 0.6354197903721959 0.21142857142857152 0.5083030286508737 0.8014242000958224 0.6225
0.5864100223711388 0.759603707254714 0.7336727510997302 0.7626781725453526 0.3257142857142858 0.4435318812528965 0.8007975520536621 0.6925000000000001
0.6517649449819303 0.8 0.8 0.7579002423766225 0.3942857142857143 0.576351988659597 0.8002088826807214 0.8
0.7159109190290289 0.7585810162991371 0.7583850285689419 0.8 0.5371428571428573 0.7016176430499141 0.8000949466730548 0.7
0.8 0.6560562480025567 0.6049405102502639 0.7003336789108041 0.8 0.8 0.8 0.6625000000000001
