0.02322470219326811
0.33743895986601163
0.08799705165698157
0.11308740648291749
0.07400201889155611
0.04160760904366856
0.021042172870187947
0.0026238964203537662
0.012563878694352826
0.024612451797026758
0.034361630573918944
0.0421204537458163
0.04825715161803501
0.053083356828518724
0.05684527664949102
0.05975008961803796
0.06196299517595938
0.06361803154166945
0.06482293741914524
0.0656646324608895
0.06621326312803977
0.06652555898686952
0.06664747437105356
0.06661629711550854
0.06646232397217067
0.06621019788178983
0.06587997785774213
0.06548799827581608
0.06504756127189915
0.06456949653062993
0.06406261516389877
0.06353407868058591
0.06298969959254264
0.06243418678524859
0.061871346110532355
0.06130424457756867
0.060735344877902664
0.06016661568415316
0.05959962212999481
0.05903560005410069
0.058475516927662397
0.057920121850200235
0.0573699865650954
0.0568255390942507
0.056287091304468184
0.05575486148385089
0.055228992814844946
0.05470956847335762
0.05419662395438285
0.05369015711851888
0.053190136366534135
0.05269650727731712
0.05220919798538037
0.05172812352533729
0.05125318933056655
0.05078429404014162
0.05032133174076492
0.04986419374791551
0.04941277001182709
0.048966950218600425
0.04852662464411961
0.04809168480805115
0.04766202396662178
0.04723753747583215
0.04681812305095434
0.04640368094339542
0.045994114052087864
0.04558932798335413
0.04518923107055084
0.04479373436263945
0.04440275158906526
0.044016199106868825
0.043633995834789885
0.043256063178147786
0.04288232494751154
0.042512707273527406
0.04214713851976515
0.04178554919502231
0.04142787186619379
0.04107404107254342
0.04072399324199483
0.0403776666098955
0.04003500114055969
0.03969593845179842
0.03936042174255305
0.03902839572368921
0.038699806551950044
0.038374601767036
0.038052730231751264
0.03773414207512216
0.037418788638400424
0.03710662242383167
0.036797597046081876
0.036491667186197896
0.03618878854798735
0.0358889178166949
0.035592012619863556
0.03529803149026389
0.03500693383078457
0.034718679881177494
0.034433230686557126
0.034150548067557795
0.03387059459205777
0.03359333354838279
0.033318728919907614
0.03304674536097507
0.0327773481740633
0.03251050328812577
0.032246177238045126
0.03198433714513227
0.03172495069861747
0.03146798613807422
0.031213412236728022
0.030961198285596847
0.03071131407842076
0.030463729897334257
0.03021841649924284
0.029975345102862483
0.02973448737638773
0.029495815425752192
0.029259301783450264
0.02902491939788876
0.028792641623238024
0.028562442209758232
0.02833429529457232
0.028108175392861257
0.027884057389460093
0.027661916530832276
0.027441728417399003
0.027223468996209088
0.02700711455392546
0.026792641710113863
0.026580027410816998
0.026369248922397226
0.026160283825633845
0.02595311001005962
0.02574770566852491
0.0255440492919764
0.025342119664435225
0.025141895858170393
0.02494335722904728
0.024746483412050213
0.0245512543169617
0.024357650124195995
0.024165651280772527
0.023975238496425022
0.023786392739836404
0.02359909523499426
0.023413327457656563
0.023229071131924517
0.023046308226916
0.02286502095352927
0.022685191761299572
0.02250680333533417
0.022329838593329265
0.02215428068265768
0.021980112977527666
0.021807319076203924
0.021635882798294426
0.02146578818208822
0.02129701948195417
0.02112956116578324
0.020963397912486248
0.02079851460952975
0.020634896350517073
0.02047252843281011
0.020311396355186306
0.02015148581553139
0.019992782708566303
0.01983527312360378
0.01967894334233533
0.019523779836645883
0.019369769266453618
0.019216898477576017
0.01906515449961932
0.018914524543887312
0.018764996001316092
0.018616556440424148
0.01846919360528365
0.018322895413511397
0.01817764995427318
0.01803344548630814
0.017890270435967137
0.01774811339526805
0.017606963119964014
0.0174668085276265
0.017327638695743164
0.017189442859827264
0.01705221041154137
0.01691593089683341
0.01678059401408516
0.016646189612272266
0.01651270768913682
0.016380138389371468
0.01624847200281576
0.016117698962661464
0.01598780984367343
0.015858795360417677
0.015730646365503254
0.015603353847832957
0.015476908930869504
0.01535130287090658
0.015226527055356986
0.015102573001048558
0.01497943235253174
0.014857096880399934
0.01473555847961916
0.01461480916787028
0.014494841083903087
0.014375646485900395
0.014257217749855444
0.014139547367959415
0.01402262794700182
0.013906452206782993
0.013791012978536576
0.013676303203367768
0.013562315930699453
0.01344904431673366
0.013336481622924223
0.01322462121446133
0.013113456558770942
0.013002981224023435
0.012893188877658557
0.012784073284920039
0.01267562830740565
0.012567847901628237
0.012460726117591636
0.012354257097378807
0.012248435073752617
0.012143254368771284
0.01203870939241658
0.011934794641235702
0.01183150469699501
0.011728834225350315
0.011626777974528268
0.011525330774023401
0.011424487533305827
0.01132424324054615
0.011224592961352475
0.011125531837520408
0.011027055085798598
0.010929157996667493
0.010831835933130307
0.01073508432952075
0.010638898690322418
0.01054327458900306
0.010448207666862053
0.010353693631891425
0.010259728257652756
0.01016630738216584
0.010073426906810234
0.009981082795244678
0.009889271072335393
0.009797987823100818
0.009707229191670552
0.009616991380254847
0.009527270648131525
0.009438063310643341
0.00934936573820988
0.009261174355353563
0.009173485639737966
0.009086296121219695
0.008999602380913685
0.00891340105027183
0.008827688810173484
0.008742462390030736
0.00865771856690467
0.008573454164636951
0.008489666052991174
0.008406351146808544
0.008323506405176762
0.008241128830610123
0.00815921546824161
0.008077763405029192
0.007996769768972789
0.007916231728343437
0.007836146490925122
0.00775651130326771
0.007677323449951978
0.007598580252867193
0.00752027907049857
0.007442417297227055
0.0073649923626410985
0.007288001730858196
0.007211442899859533
0.007135313400832732
0.007059610797529148
0.00698433268562848
0.006909476692116612
0.006835040474672316
0.006761021721065408
0.006687418148565216
0.006614227503357162
0.006541447559974323
0.006469076120732553
0.006397111015180701
0.0063255500995572644
0.006254391256258818
0.0061836323933166515
0.0061132714438824065
0.00604330636572592
0.005973735140736847
0.005904555774440379
0.005835766295520184
0.005767364755347559
0.005699349227523909
0.005631717807427883
0.005564468611772511
0.005497599778170992
0.005431109464709816
0.005364995849529541
0.00529925713041568
0.005233891524394685
0.0051688972673396005
0.005104272613582483
0.005040015835534706
0.004976125223313588
0.004912599084377911
0.004849435743170094
0.00478663354076414
0.004724190834521247
0.004662105997754629
0.004600377419396007
0.004539003503673866
0.0044779826697946
0.00441731335163198
0.004356993997422065
0.004297023069465222
0.004237399043832246
0.004178120410079256
0.004119185670966252
0.004060593342182228
0.0040023419520759385
0.003944430041393221
0.003886856163016539
0.003829618881715513
0.0037727167738965672
0.0037161484273626755
0.003659912441074553
0.003604007424920619
0.0035484319994880664
0.0034931847958415974
0.00343826445530504
0.0033836696292499635
0.0033293989788855116
0.003275451175055788
0.0032218248980403486
0.0031685188373591355
0.003115531691581852
0.0030628621681405566
0.0030105089831481413
0.0029584708612192534
0.002906746535296656
0.0028553347464789214
0.0028042342438546752
0.0027534437843393933
0.0027029621325148634
0.0026527880604757526
0.0026029203476731766
0.002553357780769039
0.0025040991534888146
0.0024551432664792205
0.0024064889271688816
0.0023581349496337722
0.002310080154462435
0.0022623233686264177
0.002214863425354374
0.00216769916400672
0.0021208294299562835
0.0020742530744678467
0.002027968954583237
0.0019819759330095277
0.001936272878006795
0.0018908586632817581
0.0018457321678811978
0.0018008922760904822
0.0017563378773324256
0.0017120678660685895
0.0016680811417045804
0.0016243766084962363
0.0015809531754572559
0.001537809756271158
0.0014949452692039067
0.0014523586370180919
0.00141004878689166
0.0013680146503337598
0.0013262551631091357
0.0012847692651583031
0.0012435559005231633
0.0012026140172725075
0.0011619425674316286
0.001121540506910601
0.001081406795436446
0.0010415403964859626
0.0010019402772204478
9.626054084225233E-4
9.23534764433076E-4
8.847273230914166E-4
8.461820656747721E-4
8.07897976841776E-4
7.698740445749586E-4
7.321092601270118E-4
6.946026179640574E-4
6.573531157177959E-4
6.203597541294403E-4
5.836215370028652E-4
5.471374711544241E-4
5.109065663659873E-4
4.749278353378683E-4
4.3920029364397095E-4
4.0372295968682526E-4
3.6849485465517695E-4
3.335150024804667E-4
2.987824297983055E-4
2.642961659047316E-4
2.3005524271946243E-4
1.960586947468146E-4
1.6230555903873345E-4
1.2879487515737864E-4
9.552568514070714E-5
6.249703346628E-5
2.9707967018732795E-5
2.84246494353102E-6
3.5155210822201965E-5
6.723121670881849E-5
9.907142641629729E-5
1.3067678150913142E-4
1.6204822133281116E-4
1.9318668304191267E-4
2.240931016290748E-4
2.547684099510894E-4
2.8521353875710087E-4
3.154294167133642E-4
3.454169704288912E-4
3.7517712448131846E-4
4.047108014401113E-4
4.340189218903223E-4
4.631024044562393E-4
4.919621658238116E-4
5.205991207628546E-4
5.490141821478112E-4
5.772082609799556E-4
6.051822664067119E-4
6.329371057434141E-4
6.604736844911807E-4
6.877929063572319E-4
7.148956732729861E-4
7.417828854123787E-4
7.684554412108469E-4
7.949142373804285E-4
8.211601689293024E-4
8.471941291766649E-4
8.730170097706047E-4
8.986297007019806E-4
9.240330903219629E-4
9.492280653552454E-4
9.742155109171424E-4
9.989963105256905E-4
0.0010235713461178575
0.0010479414980618662
0.00107210764517085
0.0010960706647172858
0.0011198314324442071
0.0011433908225795264
0.0011667497078463596
0.00118990895947646
0.001212869447221876
0.0012356320393652753
0.0012581976027322694
0.001280567002702071
0.0013027411032178193
0.0013247207667972383
0.0013465068545421843
0.001368100226150304
0.0013895017399222498
0.0014107122527728944
0.0014317326202402114
0.0014525636964936028
0.0014732063343431134
0.0014936613852480907
0.0015139296993258444
0.0015340121253584194
0.0015539095108019207
0.00157362270179362
0.001593152543159282
0.0016124998784207145
0.0016316655498035404
0.0016506503982420817
0.001669455263388686
0.0016880809836182786
0.0017065283960360222
0.0017247983364820918
0.0017428916395392235
0.0017608091385378222
0.0017785516655606237
0.0017961200514502451
0.0018135151258125148
0.0018307377170232453
0.0018477886522313414
0.0018646687573651288
0.001881378857136573
0.0018979197750451648
0.0019142923333832496
0.0019304973532388026
0.0019465356545005363
0.0019624080558618973
0.001978115374822953
0.0019936584276961655
0.0020090380296080568
0.002024254994503205
0.002039310135146688
0.002054204263128412
0.002068938188863445
0.002083512721596903
0.002097928669405058
0.0021121868391977827
0.0021262880367211023
0.002140233066558861
0.0021540227321347194
0.002167657835713599
0.0021811391784039014
0.002194467560156843
0.002207643779771562
0.002220668634891343
0.0022335429220091685
0.002246267436465499
0.002258842972449826
0.002271270323001562
0.0022835502800100382
0.00229568363421484
0.0023076711752055834
0.002319513691422692
0.0023312119701559553
0.0023427667975451927
0.002354178958579589
0.002365449237096806
0.0023765784157818715
0.0023875672761677347
0.002398416598631825
0.0024091271623973842
0.002419699745529913
0.002430135124937838
0.002440434076368625
0.0024505973744090026
0.002460625792481519
0.002470520102843432
0.0024802810765846006
0.002489909483624153
0.0024994060927082673
0.0025087716714091712
0.002518006986120258
0.002527112802053977
0.0025360898832390566
0.002544938992517176
0.002553660891538967
0.00256225634076257
0.0025707260994463077
0.0025790709256494626
0.002587291576224726
0.002595388806815979
0.0026033633718540727
0.0026112160245513882
0.0026189475168986176
0.0026265585996598784
0.0026340500223673846
0.002641422533317339
0.0026486768795644933
0.002655813806916818
0.002662834059930841
0.002669738381905984
0.0026765275148783463
0.0026832021996159305
0.0026897631756127582
0.0026962111810822087
0.002702546952951135
0.002708771226854423
0.002714884737126999
0.0027208882167993886
0.002726782397589389
0.0027325680098958527
0.00273824578279247
0.0027438164440193313
0.00274928071997671
0.0027546393357176235
0.0027598930149409506
0.00276504247998266
0.0027700884518082614
0.0027750316500064764
0.002779872792780136
0.00278461259693763
0.002789251777885804
0.002793791049621186
0.002798231124721773
0.00280257271433737
0.0028068165281831536
0.002810963274528233
0.002815013660188548
0.002818968390517318
0.00282282816939583
0.0028265936992237783
0.002830265680910604
0.002833844813865727
0.0028373317959883293
0.0028407273236586983
0.0028440320917272333
0.0028472467935060086
0.0028503721207565613
0.002853408763681675
0.0028563574109143897
0.0028592187495072308
0.002861993464922219
0.002864682241020655
0.0028672857600507973
0.0028698047026393114
0.0028722397477789485
0.002874591572817775
0.002876860853448626
0.0028790482636966708
0.002881154475910974
0.002883180160748955
0.002885125987169168
0.00288699262241654
0.00288878073201293
0.0028904909797442535
0.0028921240276494897
0.0028936805360082474
0.0028951611633288854
0.0028965665663376328
0.0028978973999643776
0.002899154317332342
0.0029003379697458698
0.0029014490066771037
0.002902488075754106
0.0029034558227486462
0.002904352891563766
0.002905179924221457
0.0029059375608490035
0.002906626439668103
0.0029072471969804337
0.0029078004671565516
0.002908286882621347
0.0029087070738433862
0.0029090616693198124
0.0029093512955655765
0.0029095765770982274
0.0029097381364273645
0.002909836594039761
0.0029098725683872617
0.002909846675873573
0.0029097595308409385
0.002909611745556706
0.0029094039302017816
0.0029091366928554185
0.002908810639483561
0.002908426373924966
0.002907984497877769
0.0029074856108872726
0.0029069303103317345
0.002906319191409712
0.0029056528471269605
0.0029049318682823344
0.0029041568434562404
0.0029033283589953163
0.00290244699900144
0.002901513345316964
0.0029005279775123904
0.002899491472872051
0.00289840440638367
0.0028972673507219326
0.0028960808762373835
0.002894845550943992
0.0028935619405037194
0.0028922306082159732
0.00289085211500395
0.0028894270194006477
0.002887955877537429
0.0028864392431312558
0.0028848776674703647
0.002883271699403722
0.0028816218853261466
0.002879928769168094
0.002878192892381559
0.0028764147939274176
0.0028745950102639917
0.0028727340753355035
0.0028708325205569762
0.002868890874804686
0.0028669096644036163
0.0028648894131142466
0.002862830642121783
0.00286073387002439
0.0028585996128205338
0.002856428383898102
0.0028542206940220805
0.0028519770513245613
0.002849697961292197
0.002847383926754099
0.0028450354478732898
0.002842653022133268
0.0028402371443285723
0.002837788306552791
0.0028353069981890133
0.0028327937058989505
0.0028302489136109443
0.00282767310251264
0.00282506675103833
0.002822430334860182
0.002819764326876917
0.0028170691972057016
0.002814345413172381
0.00281159343929982
0.0028088137373014632
0.0028060067660697907
0.002803172981669433
0.002800312837325958
0.002797426783418211
0.0027945152674709872
0.002791578734143818
0.002788617625225309
0.0027856323796240368
0.0027826234333592215
0.0027795912195556216
0.002776536168433985
0.002773458707304721
0.002770359260559796
0.002767238249666071
0.002764096093158086
0.002760933206632399
0.0027577500027399227
0.002754546891179932
0.002751324278693512
0.0027480825690594513
0.002744822163086136
0.0027415434586064436
0.002738246850474413
0.002734932730557582
0.002731601487732438
0.0027282535078819725
0.002724889173887468
0.0027215088656274977
0.002718112959971708
0.0027147018307771553
0.0027112758488861965
0.0027078353821194945
0.00270438079527735
0.0027009124501327086
0.0026974307054300484
0.002693935916883161
0.002690428437170711
0.0026869086159361233
0.002683376799785031
0.0026798333322826107
0.0026762785539532485
0.002672712802278543
0.0026691364116955274
0.002665549713597448
0.0026619530363325428
0.0026583467052023746
0.0026547310424636095
0.002651106367325795
0.0026474729959542476
0.0026438312414686083
0.002640181413944176
0.002636523820412684
0.0026328587648641877
0.0026291865482478416
0.0026255074684736757
0.0026218218204140387
0.002618129895907262
0.0026144319837586583
0.002610728369742743
0.0026070193366077854
0.002603305164077363
0.0025995861288543587
0.00259586250462418
0.0025921345620589786
0.002588402568820536
0.002584666789566814
0.0025809274859533993
0.002577184916640496
0.0025734393372973674
0.0025696910006063334
0.0025659401562699857
0.0025621870510154077
0.002558431928600613
0.002554675029820208
0.002550916592513164
0.002547156851566812
0.002543396038926171
0.0025396343835992763
0.0025358721116651717
0.0025321094462806837
0.0025283466076888583
0.002524583813226955
0.0025208212773334404
0.0025170592115574264
0.0025132978245666626
0.002509537322157085
0.0025057779072598096
0.00250201977995268
0.0024982631374688147
0.0024945081742056008
0.002490755081735463
0.002487004048815189
0.0024832552613961445
0.0024795089026361516
0.0024757651529080382
0.00247202418981185
0.002468286188185065
0.0024645513201159153
0.002460819754951271
0.0024570916593114056
0.0024533671971009863
0.0024496465295196224
0.0024459298150764086
0.0024422172096009165
0.0024385088662560728
0.002434804935551038
0.0024311055653529756
0.0024274109009033706
0.002423721084827024
0.0024200362571492606
0.002416356555307475
0.002412682114165232
0.0024090130660270326
0.0024053495406514136
0.002401691665266603
0.0023980395645830654
0.00239439336080971
0.0023907531736688803
0.002387119120408787
0.0023834913158219395
0.0023798698722585776
0.002376254899641328
0.002372646505482523
0.0023690447948979676
0.002365449870624481
0.002361861833034662
0.00235828078015321
0.0023547068076726907
0.0023511400089708534
0.0023475804751262874
0.0023440282949347413
0.0023404835549263314
0.0023369463393814183
0.002333416730349036
0.002329894807662658
0.0023263806489572936
0.002322874329686253
0.0023193759231400213
0.0023158855004623558
0.0023124031306680504
0.002308928880660477
0.0023054628152487933
0.0023020049971663736
0.0022985554870885716
0.002295114343649929
0.002291681623462938
0.002288257381134584
0.0022848416692875517
0.002281434538574212
0.002278036037697606
0.002274646213430098
0.0022712651106295834
0.002267892772259361
0.002264529239405788
0.0022611745512980397
0.002257828745325763
0.0022544918570560624
0.0022511639202563716
0.00224784496690833
0.002244535027229433
0.0022412341296912386
0.0022379423010375765
0.0022346595663034208
0.002231385948833764
0.002228121470303379
0.0022248661507338063
0.0022216200085136695
0.0022183830604172172
0.0022151553216223085
0.002211936805731174
0.0022087275247869576
0.0022055274892944787
0.0022023367082386613
0.0021991551891024086
0.002195982937887031
0.002192819959128456
0.0021896662559205415
0.002186521829929844
0.002183386681415933
0.0021802608092498232
0.0021771442109335126
0.002174036882617636
0.0021709388191221146
0.0021678500139512558
0.0021647704593160677
0.0021617001461519125
0.0021586390641349373
0.0021555872017040567
0.0021525445460759407
0.002149511083265998
0.002146486798106473
0.0021434716742629867
0.0021404656942554112
0.002137468839473744
0.0021344810901976485
0.002131502425614884
0.0021285328238381807
0.0021255722619242245
0.002122620715890533
0.0021196781607352166
0.002116744570451967
0.002113819918051374
0.0021109041755748015
0.002107997314115151
0.002105099303832514
0.002102210113971603
0.0020993297128812927
0.002096458068028162
0.0020935951460177016
0.002090740912608302
0.0020878953327294614
0.0020850583704992154
0.0020822299892407914
0.002079410151498262
0.0020765988190548645
0.0020737959529476546
0.002071001513485937
0.002068215460266365
0.0020654377521898137
0.00206266834747737
0.0020599072036856514
0.002057154277724793
0.0020544095258712147
0.0020516729037868275
0.002048944366532468
0.002046223868583552
0.0020435113638467284
0.002040806805673756
0.002038110146878047
0.0020354213397483223
0.002032740336064931
0.0020300670871143955
0.0020274015437029558
0.0020247436561733334
0.0020220933744179437
0.002019450647892884
0.0020168154256337
0.0020141876562677075
0.0020115672880298696
0.0020089542687750095
0.0020063485459931307
0.0020037500668227404
0.0020011587780633944
0.0019985746261901305
0.001995997557366458
0.001993427517457458
0.0019908644520431062
0.0019883083064315965
0.0019857590256702196
0.001983216554560574
0.0019806808376697793
0.0019781518193425773
0.001975629443714988
0.0019731136547251893
0.001970604396124953
0.0019681016114942995
0.0019656052442512673
0.0019631152376622385
0.001960631534856594
0.0019581540788368157
0.0019556828124878134
0.001953217678591468
0.001950758619834736
0.001948305578822418
0.0019458584980862614
0.001943417320097507
0.0019409819872758804
0.0019385524419991418
0.0019361286266165179
0.0019337104834553642
0.0019312979548330445
0.001928890983066478
0.0019264895104798008
0.001924093479418132
0.0019217028322531249
0.0019193175113936256
0.0019169374592953314
0.0019145626184694509
0.0019121929314910302
0.0019098283410087236
0.0019074687897528975
0.0019051142205431804
0.0019027645762993428
0.0019004198000479589
0.0018980798349300665
0.0018957446242089393
0.0018934141112811886
0.0018910882396800943
0.0018887669530859297
0.0018864501953338442
0.0018841379104183043
0.0018818300425036405
0.0018795265359295987
0.0018772273352185564
0.0018749323850819621
0.001872641630428551
0.0018703550163686744
0.0018680724882232935
0.0018657939915288635
0.00186351947204344
0.001861248875754118
0.001858982148882471
0.001856719237889215
0.0018544600894828678
0.0018522046506218581
0.0018499528685229638
0.0018477046906666406
0.0018454600647987984
0.001843218938941793
0.0018409812613945364
0.001838746980739936
0.0018365160458495566
0.0018342884058880626
0.0018320640103176578
0.0018298428089028596
0.0018276247517158284
0.001825409789139365
0.0018231978718712405
0.0018209889509299693
0.0018187829776564746
0.0018165799037200836
0.00181437968112097
0.0018121822621939288
0.0018099875996134829
0.0018077956463961042
0.0018056063559027669
0.001803419681844276
0.0018012355782835998
0.0017990539996383115
0.0017968749006846974
0.0017946982365596442
0.0017925239627647471
0.0017903520351673086
0.0017881824100051125
0.0017860150438864242
0.0017838498937950975
0.0017816869170911298
0.0017795260715131045
0.0017773673151812996
0.0017752106065985762
0.0017730559046533756
0.001770903168621163
0.0017687523581667586
0.0017666034333447822
0.0017644563546027614
0.0017623110827821309
0.0017601675791193427
0.001758025805248864
0.0017558857232012892
0.0017537472954090028
0.001751610484702737
0.0017494752543165681
0.0017473415678859183
0.001745209389451552
0.0017430786834575773
0.0017409494147526683
0.0017388215485940606
0.0017366950506435552
0.0017345698869702941
0.0017324460240524253
0.0017303234287752156
0.0017282020684337152
0.001726081910730315
0.0017239629237775222
0.0017218450760974058
0.0017197283366208183
0.0017176126746886178
0.0017154980600501135
0.0017133844628655082
0.0017112718537031224
0.001709160203540283
0.0017070494837635453
0.001704939666168026
0.0017028307229559614
0.0017007226267384823
0.0016986153505328394
0.001696508867762181
0.0016944031522586611
0.001692298178255558
0.0016901939203944893
0.001688090353718641
0.0016859874536746533
0.001683885196111845
0.0016817835572807693
0.0016796825138313265
0.0016775820428136523
0.0016754821216758975
0.0016733827282628955
0.0016712838408164954
0.0016691854379716764
0.001667087498758879
0.0016649900025988984
0.0016628929293053263
0.0016607962590797776
0.0016586999725134444
0.0016566040505828772
0.0016545084746509842
0.0016524132264639224
0.0016503182881500988
0.0016482236422188379
0.001646129271557606
0.0016440351594323444
0.001641941289484028
0.0016398476457271105
0.0016377542125488587
0.0016356609747067985
0.0016335679173258288
0.0016314750258995536
0.0016293822862843976
0.0016272896847008278
0.0016251972077296895
0.001623104842310874
0.0016210125757412097
0.0016189203956719078
0.0016168282901077857
0.0016147362474041582
0.001612644256264728
0.0016105523057402538
0.0016084603852251078
0.0016063684844566106
0.0016042765935113668
0.0016021847028047098
0.0016000928030864836
0.001598000885440487
0.0015959089412813654
0.0015938169623525011
0.0015917249407237932
0.0015896328687882155
0.001587540739262705
0.0015854485451815004
0.0015833562798965861
0.0015812639370739179
0.0015791715106926452
0.0015770789950411146
0.0015749863847150936
0.0015728936746149946
0.0015708008599437662
0.0015687079362042278
0.0015666148991966278
0.0015645217450163118
0.0015624284700509472
0.0015603350709774144
0.0015582415447612519
0.00155614788865166
0.001554054100180724
0.0015519601771606384
0.001549866117679044
0.0015477719201005824
0.0015456775830596792
0.0015435831054617655
0.001541488486478504
0.001539393725545457
0.0015372988223603112
0.0015352037768797677
0.0015331085893173224
0.001531013260139158
0.0015289177900640327
0.0015268221800581738
0.0015247264313345
0.0015226305453488465
0.0015205345237983003
0.0015184383686180913
0.0015163420819783724
0.0015142456662817771
0.0015121491241630869
0.0015100524584832353
0.0015079556723277543
0.0015058587690059966
0.001503761752046029
0.0015016646251939658
0.0014995673924091957
0.0014974700578641587
0.00149537262594035
0.001493275101225544
0.0014911774885121298
0.0014890797927944455
0.001486982019264338
0.001484884173311718
0.0014827862605182318
0.0014806882866590376
0.001478590257696366
0.0014764921797781883
0.0014743940592373272
0.0014722959025869065
0.001470197716518351
0.0014680995078983905
0.0014660012837682812
0.0014639030513384776
0.0014618048179896315
0.0014597065912660412
0.0014576083788772065
0.0014555101886920552
0.0014534120287379437
0.0014513139071984371
0.001449215832409978
0.0014471178128603324
0.0014450198571858142
0.0014429219741671773
0.0014408241727309479
0.0014387264619428741
0.0014366288510082592
0.0014345313492689638
0.001432433966199853
0.0014303367114085752
0.0014282395946304538
0.0014261426257290433
0.0014240458146910218
0.001421949171625747
0.0014198527067635913
0.0014177564304502788
0.0014156603531482181
0.0014135644854320617
0.001411468837987373
0.0014093734216080733
0.0014072782471938883
0.0014051833257487933
0.0014030886683783494
0.0014009942862874825
0.0013989001907785958
0.001396806393248462
0.0013947129051882223
0.001392619738177836
0.0013905269038871904
0.001388434414072326
0.0013863422805736603
0.0013842505153137674
0.0013821591302953795
0.0013800681375990553
0.001377977549381737
0.0013758873778744185
0.0013737976353801473
0.0013717083342711378
0.0013696194869883271
0.0013675311060377116
0.0013654432039907904
0.0013633557934793483
0.0013612688871958989
0.0013591824978914646
0.0013570966383728011
0.001355011321500954
0.0013529265601902596
0.001350842367404237
0.001348758756155477
0.0013466757395047546
0.001344593330556143
0.0013425115424575695
0.0013404303883985946
0.0013383498816085249
0.0013362700353539703
0.0013341908629380672
0.00133211237769848
0.0013300345930055135
0.0013279575222594486
0.0013258811788919855
0.0013238055763599155
0.0013217307281480073
0.0013196566477647886
0.0013175833487401034
0.0013155108446271102
0.0013134391489973973
0.0013113682754394285
0.001309298237559986
0.001307229048979619
0.0013051607233317553
0.001303093274262035
0.0013010267154269783
0.0012989610604901003
0.0012968963231243524
0.0012948325170066832
0.0012927696558190371
0.0012907077532474664
0.0012886468229774684
0.0012865868786964274
0.0012845279340891747
0.0012824700028392089
0.0012804130986252549
0.0012783572351207084
0.001276302425993081
0.0012742486849008916
0.0012721960254949982
0.0012701444614136026
0.0012680940062856916
0.001266044673725486
0.00126399647733344
0.0012619494306950196
0.0012599035473783715
0.0012578588409346558
0.0012558153248952708
0.0012537730127720748
0.0012517319180554987
0.001249692054213103
0.0012476534346901325
0.001245616072906075
0.0012435799822544391
0.0012415451761038643
0.001239511667793347
0.0012374794706336845
0.0012354485979059193
0.0012334190628602304
0.001231390878714489
0.0012293640586543697
0.0012273386158310196
0.0012253145633612794
0.0012232919143266852
0.001221270681770692
0.0012192508787006728
0.0012172325180844767
0.001215215612851539
0.0012132001758906608
0.0012111862200491208
0.0012091737581326756
0.001207162802904893
0.0012051533670845993
0.0012031454633472105
0.0012011391043225128
0.001199134302594218
0.0011971310706996308
0.001195129421128649
0.0011931293663222098
0.001191130918673955
0.0011891340905260117
0.0011871388941706584
0.0011851453418497693
0.001183153445753482
0.0011811632180186438
0.0011791746707302542
0.0011771878159183569
0.0011752026655592607
0.0011732192315743184
0.0011712375258297048
0.001169257560135195
0.0011672793462431663
0.001165302895850262
0.00116332822059384
0.0011613553320533043
0.0011593842417493283
0.0011574149611429663
0.0011554475016357646
0.0011534818745678743
0.0011515180912193834
0.0011495561628088735
0.0011475961004919766
0.0011456379153634844
0.0011436816184544618
0.0011417272207328022
0.0011397747331036712
0.001137824166405954
0.0011358755314168079
0.00113392883884611
0.001131984099340455
0.0011300413234794915
0.0011281005217776974
0.0011261617046818273
0.0011242248825737988
0.001122290065767917
0.0011203572645097637
0.0011184264889791962
0.0011164977492869044
0.0011145710554759658
0.00111264641752018
0.001110723845325623
0.0011088033487279825
0.0011068849374946677
0.0011049686213232546
0.0011030544098408201
0.0011011423126048303
0.001099232339103029
0.0010973244987518838
0.001095418800897363
0.0010935152548149363
0.001091613869707575
0.0010897146547090841
0.001087817618880882
0.001085922771212
0.0010840301206206382
0.0010821396759530533
0.0010802514459833379
0.001078365439412643
0.0010764816648711761
0.0010746001309162034
0.0010727208460318272
0.0010708438186303182
0.0010689690570511168
0.0010670965695603885
0.0010652263643519122
0.0010633584495465254
0.0010614928331919016
0.0010596295232622177
0.001057768527659264
0.0010559098542114453
0.0010540535106737803
0.001052199504727902
0.0010503478439831682
0.0010484985359743293
0.0010466515881638605
0.001044807007939963
0.0010429648026194505
0.0010411249794435307
0.0010392875455814687
0.0010374525081293662
0.0010356198741099387
0.0010337896504724053
0.0010319618440927103
0.0010301364617746334
0.0010283135102484575
0.001026492996171191
0.0010246749261266785
0.0010228593066273772
0.0010210461441112484
0.0010192354449445329
0.00101742721542053
0.0010156214617603743
0.0010138181901119259
0.0010120174065514354
0.001010219117083322
0.001008423327639063
0.0010066300440777498
0.001004839272187863
0.0010030510176853857
0.001001265286214914
9.994820833486573E-4
9.977014145887697E-4
9.95923285365241E-4
9.941477010375621E-4
9.92374666893947E-4
9.90604188151556E-4
9.888362699577158E-4
9.870709173882553E-4
9.85308135449725E-4
9.835479290781768E-4
9.817903031391628E-4
9.800352624290687E-4
9.782828116744469E-4
9.76532955532794E-4
9.747856985918846E-4
9.730410453704375E-4
9.712990003186706E-4
9.695595678183011E-4
9.678227521815463E-4
9.660885576540101E-4
9.643569884120184E-4
9.626280485641736E-4
9.609017421526866E-4
9.591780731507127E-4
9.574570454652376E-4
9.557386629358566E-4
9.540229293358848E-4
9.523098483719128E-4
9.505994236843618E-4
9.488916588473728E-4
9.471865573693616E-4
9.45484122693574E-4
9.437843581978633E-4
9.420872671946912E-4
9.403928529320149E-4
9.38701118593066E-4
9.3701206729635E-4
9.353257020974226E-4
9.336420259873357E-4
9.319610418934143E-4
9.30282752680367E-4
9.286071611493973E-4
9.269342700385375E-4
9.25264082024424E-4
9.235965997211881E-4
9.219318256805664E-4
9.20269762392123E-4
9.186104122854699E-4
9.169537777284908E-4
9.152998610278962E-4
9.136486644300001E-4
9.120001901207209E-4
9.103544402266905E-4
9.087114168134791E-4
9.07071121889147E-4
9.054335574002481E-4
9.037987252369373E-4
9.02166627229195E-4
9.005372651490484E-4
8.989106407110148E-4
8.972867555707698E-4
8.956656113283668E-4
8.940472095254615E-4
8.924315516470882E-4
8.908186391226591E-4
8.892084733236327E-4
8.876010555671776E-4
8.859963871149512E-4
8.843944691714345E-4
8.827953028882618E-4
8.811988893614453E-4
8.796052296318191E-4
8.780143246880368E-4
8.764261754632408E-4
8.74840782837838E-4
8.732581476394996E-4
8.716782706416071E-4
8.701011525669156E-4
8.685267940846675E-4
8.669551958119248E-4
8.653863583152344E-4
8.638202821086294E-4
8.622569676569602E-4
8.606964153718977E-4
8.591386256169287E-4
8.575835987040259E-4
8.560313348963122E-4
8.544818344070615E-4
8.529350973999206E-4
8.513911239911298E-4
8.498499142473026E-4
8.483114681868686E-4
8.467757857809621E-4
8.452428669520895E-4
8.43712711577016E-4
8.421853194844342E-4
8.406606904566294E-4
8.391388242294795E-4
8.376197204940095E-4
8.361033788936156E-4
8.345897990273965E-4
8.330789804495975E-4
8.31570922669278E-4
8.300656251509775E-4
8.285630873156036E-4
8.27063308539544E-4
8.255662881563319E-4
8.240720254558687E-4
8.22580519685312E-4
8.21091770048854E-4
8.196057757097197E-4
8.181225357873911E-4
8.166420493608273E-4
8.151643154673538E-4
8.136893331036621E-4
8.122171012245882E-4
8.107476187458884E-4
8.092808845424626E-4
8.078168974494648E-4
8.063556562625251E-4
8.048971597385268E-4
8.034414065948292E-4
8.019883955110441E-4
8.005381251272592E-4
7.99090594046481E-4
7.976458008341902E-4
7.962037440176761E-4
7.947644220879235E-4
7.933278334986138E-4
7.918939766673461E-4
7.904628499756372E-4
7.890344517683667E-4
7.876087803552201E-4
7.861858340106886E-4
7.84765610975513E-4
7.833481094534633E-4
7.81933327614559E-4
7.805212635956238E-4
7.791119154995085E-4
7.777052813946472E-4
7.763013593172774E-4
7.749001472698858E-4
7.735016432226516E-4
7.721058451133356E-4
7.70712750847502E-4
7.693223582995179E-4
7.679346653119978E-4
7.66549669695471E-4
7.651673692299354E-4
7.637877616659683E-4
7.624108447221722E-4
7.610366160880622E-4
7.596650734228438E-4
7.582962143565242E-4
7.5693003648869E-4
7.555665373919496E-4
7.542057146084913E-4
7.528475656534139E-4
7.514920880129505E-4
7.501392791445793E-4
7.487891364800214E-4
7.474416574220211E-4
7.460968393478984E-4
7.447546796061078E-4
7.434151755206786E-4
7.420783243874407E-4
7.407441234777989E-4
7.394125700365128E-4
7.380836612829178E-4
7.367573944119243E-4
7.354337665925748E-4
7.341127749692644E-4
7.327944166626299E-4
7.314786887679947E-4
7.301655883583669E-4
7.288551124821074E-4
7.275472581632636E-4
7.262420224047883E-4
7.249394021846545E-4
7.236393944598518E-4
7.223419961642774E-4
7.210472042090688E-4
7.197550154846022E-4
7.184654268583834E-4
7.171784351773791E-4
7.158940372667955E-4
7.146122299312996E-4
7.133330099550195E-4
7.120563741006558E-4
7.107823191118134E-4
7.095108417116691E-4
7.082419386028604E-4
7.069756064701505E-4
7.05711841977319E-4
7.044506417702712E-4
7.031920024755944E-4
7.019359207013354E-4
7.006823930367778E-4
6.994314160539972E-4
6.981829863067501E-4
6.969371003304747E-4
6.956937546435116E-4
6.944529457477699E-4
6.932146701271735E-4
6.919789242484375E-4
6.907457045634002E-4
6.895150075053591E-4
6.882868294939559E-4
6.870611669305138E-4
6.858380162018118E-4
6.846173736791972E-4
6.833992357182517E-4
6.821835986595692E-4
6.809704588289778E-4
6.797598125379833E-4
6.785516560827709E-4
6.773459857464248E-4
6.761427977961532E-4
6.749420884875068E-4
6.737438540604934E-4
6.725480907432413E-4
6.713547947490017E-4
6.701639622794797E-4
6.689755895223914E-4
6.677896726532406E-4
6.666062078350965E-4
6.654251912189268E-4
6.64246618943598E-4
6.630704871348758E-4
6.618967919085339E-4
6.607255293676895E-4
6.595566956043575E-4
6.583902867002278E-4
6.572262987245558E-4
6.56064727736716E-4
6.549055697856465E-4
6.537488209088504E-4
6.52594477134949E-4
6.514425344814612E-4
6.5029298895658E-4
6.491458365580627E-4
6.480010732754504E-4
6.468586950869604E-4
6.457186979634821E-4
6.445810778658023E-4
6.434458307464919E-4
6.423129525490179E-4
6.411824392081877E-4
6.400542866505932E-4
6.389284907950543E-4
6.378050475512875E-4
6.36683952823125E-4
6.355652025046288E-4
6.344487924829778E-4
6.333347186389116E-4
6.322229768440657E-4
6.311135629651909E-4
6.300064728602672E-4
6.289017023817234E-4
6.277992473745497E-4
6.266991036780745E-4
6.256012671241873E-4
6.24505733540337E-4
6.234124987463119E-4
6.223215585570152E-4
6.212329087814661E-4
6.201465452223553E-4
6.19062463678266E-4
6.179806599413418E-4
6.169011297996185E-4
6.15823869035137E-4
6.14748873425941E-4
6.136761387443013E-4
6.126056607591579E-4
6.1153743523501E-4
6.104714579300285E-4
6.09407724600497E-4
6.083462309979248E-4
6.072869728696029E-4
6.062299459594911E-4
6.051751460074417E-4
6.041225687501983E-4
6.030722099209518E-4
6.020240652497844E-4
6.009781304633366E-4
5.999344012850294E-4
5.988928734362853E-4
5.978535426355291E-4
5.968164045978552E-4
5.957814550368035E-4
5.947486896626941E-4
5.93718104183516E-4
5.926896943060367E-4
5.916634557338041E-4
5.90639384169922E-4
5.896174753142747E-4
5.885977248659691E-4
5.875801285216697E-4
5.865646819775971E-4
5.855513809274182E-4
5.84540221065244E-4
5.835311980819657E-4
5.825243076690301E-4
5.815195455163291E-4
5.80516907313422E-4
5.795163887486465E-4
5.785179855092304E-4
5.775216932831784E-4
5.76527507757274E-4
5.755354246185229E-4
5.745454395528204E-4
5.735575482467281E-4
5.725717463871405E-4
5.71588029660286E-4
5.706063937523931E-4
5.696268343508004E-4
5.686493471428467E-4
5.676739278166476E-4
5.66700572059986E-4
5.657292755627541E-4
5.647600340142889E-4
5.637928431058148E-4
5.628276985282232E-4
5.618645959751811E-4
5.609035311392452E-4
5.599444997168579E-4
5.589874974034625E-4
5.580325198969449E-4
5.570795628968561E-4
5.561286221031914E-4
5.551796932196096E-4
5.542327719487705E-4
5.532878539971087E-4
5.523449350723908E-4
5.514040108850482E-4
5.504650771459563E-4
5.495281295693211E-4
5.48593163871125E-4
5.47660175769904E-4
5.467291609863034E-4
5.458001152438552E-4
5.448730342677566E-4
5.439479137866465E-4
5.430247495310514E-4
5.421035372343841E-4
5.411842726337213E-4
5.402669514678049E-4
5.393515694790407E-4
5.38438122412721E-4
5.375266060171358E-4
5.366170160434613E-4
5.35709348246538E-4
5.348035983843147E-4
5.338997622177377E-4
5.329978355119724E-4
5.320978140345156E-4
5.31199693557749E-4
5.303034698563858E-4
5.294091387095801E-4
5.285166959000387E-4
5.276261372136881E-4
5.26737458442117E-4
5.25850655378024E-4
5.249657238203254E-4
5.240826595712678E-4
5.232014584363176E-4
5.223221162270475E-4
5.214446287568064E-4
5.205689918452716E-4
5.19695201315562E-4
5.188232529944603E-4
5.179531427145223E-4
5.170848663120786E-4
5.162184196275676E-4
5.153537985066459E-4
5.144909987997437E-4
5.136300163610663E-4
5.12770847050259E-4
5.11913486731741E-4
5.110579312743724E-4
5.102041765523424E-4
5.09352218443726E-4
5.085020528332596E-4
5.076536756095651E-4
5.068070826654836E-4
5.059622699017385E-4
5.051192332204968E-4
5.042779685324739E-4
5.03438471752049E-4
5.026007387985976E-4
5.017647655973789E-4
5.009305480789816E-4
5.000980821789902E-4
4.992673638392064E-4
4.98438389005984E-4
4.976111536320049E-4
4.96785653674725E-4
4.959618850984837E-4
4.95139843871728E-4
4.943195259691224E-4
4.935009273719926E-4
4.926840440659941E-4
4.918688720434439E-4
4.9105540730221E-4
4.902436458460446E-4
4.894335836849173E-4
4.886252168335714E-4
4.8781854131407787E-4
4.8701355315439177E-4
4.862102483871311E-4
4.854086230525745E-4
4.8460867319666256E-4
4.8381039487022104E-4
4.830137841321802E-4
4.822188370463554E-4
4.8142554968322315E-4
4.8063391811914435E-4
4.798439384374742E-4
4.7905560672734104E-4
4.782689190838685E-4
4.7748387160906347E-4
4.7670046041137226E-4
4.7591868160545836E-4
4.7513853131242456E-4
4.7436000565981296E-4
4.7358310078182697E-4
4.7280781281877626E-4
4.720341379180759E-4
4.712620722331362E-4
4.704916119240288E-4
4.697227531584858E-4
4.689554921093464E-4
4.681898249567773E-4
4.6742574788793956E-4
4.666632570958784E-4
4.6590234878129966E-4
4.651430191510153E-4
4.643852644190538E-4
4.6362908080588294E-4
4.628744645381877E-4
4.621214118510908E-4
4.6136991898493296E-4
4.606199821881596E-4
4.5987159771465613E-4
4.5912476182752293E-4
4.5837947079407915E-4
4.5763572089008164E-4
4.5689350839805964E-4
4.561528296072037E-4
4.55413680814698E-4
4.5467605832272273E-4
4.539399584427839E-4
4.5320537749182765E-4
4.524723117944607E-4
4.5174075768183997E-4
4.510107114931161E-4
4.50282169573768E-4
4.4955512827671296E-4
4.488295839609746E-4
4.4810553299501343E-4
4.4738297175150876E-4
4.4666189661313194E-4
4.459423039675503E-4
4.4522419021064685E-4
4.4450755174563206E-4
4.437923849813785E-4
4.4307868633675085E-4
4.423664522352766E-4
4.4165567910881E-4
4.4094636339586657E-4
4.4023850154306654E-4
4.3953209000424653E-4
4.388271252392384E-4
4.3812360371675574E-4
4.3742152191184047E-4
4.3672087630686196E-4
4.3602166339151704E-4
4.353238796640513E-4
4.3462752162737317E-4
4.3393258579460525E-4
4.332390686839771E-4
4.3254696682248905E-4
4.318562767440248E-4
4.311669949893515E-4
4.3047911810722983E-4
4.297926426536369E-4
4.2910756519143334E-4
4.284238822919173E-4
4.277415905324933E-4
4.2706068649867035E-4
4.26381166782952E-4
4.2570302798572435E-4
4.25026266715256E-4
4.2435087958536677E-4
4.236768632187582E-4
4.2300421424557033E-4
4.2233292930238253E-4
4.216630050339898E-4
4.2099443809229253E-4
4.203272251368517E-4
4.196613628345558E-4
4.189968478589545E-4
4.183336768922574E-4
4.176718466240015E-4
4.170113537494968E-4
4.163521949734905E-4
4.156943670066138E-4
4.150378665684906E-4
4.1438269038462927E-4
4.1372883518897563E-4
4.1307629772247E-4
4.1242507473326917E-4
4.117751629781896E-4
4.111265592192659E-4
4.1047926022808046E-4
4.0983326278209997E-4
4.091885636678949E-4
4.0854515967791993E-4
4.079030476125123E-4
4.0726222427922565E-4
4.0662268649416244E-4
4.0598443107930926E-4
4.053474548646463E-4
4.0471175468814735E-4
4.040773273946696E-4
4.034441698361757E-4
4.028122788725108E-4
4.021816513712917E-4
4.0155228420624134E-4
4.009241742594094E-4
4.00297318419951E-4
3.9967171358545883E-4
3.9904735665907687E-4
3.9842424455271974E-4
3.978023741846304E-4
3.9718174248115634E-4
3.965623463760837E-4
3.959441828105259E-4
3.9532724873203584E-4
3.947115410970481E-4
3.9409705686788143E-4
3.934837930151813E-4
3.928717465160325E-4
3.922609143562905E-4
3.9165129352736194E-4
3.9104288102920215E-4
3.904356738688719E-4
3.8982966906075944E-4
3.8922486362591435E-4
3.8862125459293573E-4
3.8801883899930445E-4
3.8741761388672025E-4
3.8681757630731894E-4
3.862187233180103E-4
3.856210519843639E-4
3.850245593791657E-4
3.8442924258175193E-4
3.838350986788974E-4
3.8324212476537056E-4
3.8265031794204596E-4
3.8205967531834695E-4
3.81470194009248E-4
3.808818711381612E-4
3.8029470383549313E-4
3.7970868923864476E-4
3.791238244923445E-4
3.78540106747538E-4
3.7795753316482994E-4
3.773761009089327E-4
3.767958071537736E-4
3.7621664907960817E-4
3.7563862387435254E-4
3.75061728731807E-4
3.7448596085443153E-4
3.7391131745145856E-4
3.7333779573811565E-4
3.727653929381791E-4
3.7219410628075433E-4
3.7162393300427254E-4
3.71054870352272E-4
3.704869155763957E-4
3.699200659352808E-4
3.6935431869367097E-4
3.687896711244143E-4
3.682261205069093E-4
3.6766366412765983E-4
3.671022992800532E-4
3.6654202326447116E-4
3.659828333881787E-4
3.654247269659905E-4
3.648677013188273E-4
3.6431175377504843E-4
3.6375688167011866E-4
3.632030823454979E-4
3.6265035315063976E-4
3.620986914417701E-4
3.61548094580888E-4
3.609985599382082E-4
3.6045008489038466E-4
3.599026668202887E-4
3.593563031188962E-4
3.588109911828452E-4
3.582667284156571E-4
3.5772351222895793E-4
3.571813400400359E-4
3.5664020927284046E-4
3.5610011735853764E-4
3.5556106173550983E-4
3.5502303984757955E-4
3.54486049147118E-4
3.539500870911594E-4
3.534151511449535E-4
3.5288123878052247E-4
3.5234834747555066E-4
3.518164747148278E-4
3.512856179904711E-4
3.507557748004819E-4
3.5022694265018917E-4
3.4969911905025075E-4
3.4917230151987333E-4
3.4864648758314853E-4
3.481216747716065E-4
3.475978606235497E-4
3.4707504268338685E-4
3.4655321850185494E-4
3.460323856373515E-4
3.455125416540472E-4
3.4499368412233E-4
3.4447581061936017E-4
3.4395891872995854E-4
3.4344300604294276E-4
3.4292807015601223E-4
3.424141086724175E-4
3.419011192018484E-4
3.4138909936054507E-4
3.408780467704098E-4
3.403679590612274E-4
3.398588338676678E-4
3.393506688323944E-4
3.388434616027336E-4
3.3833720983422744E-4
3.3783191118685885E-4
3.373275633281603E-4
3.3682416393165937E-4
3.363217106775451E-4
3.3582020125200174E-4
3.3531963334743065E-4
3.348200046622285E-4
3.343213129020084E-4
3.338235557777125E-4
3.333267310067223E-4
3.328308363130805E-4
3.3233586942682525E-4
3.318418280841007E-4
3.313487100269352E-4
3.3085651300401864E-4
3.303652347702579E-4
3.2987487308633323E-4
3.2938542571891993E-4
3.2889689044157677E-4
3.2840926503263645E-4
3.279225472788694E-4
3.274367349707097E-4
3.2695182590580796E-4
3.264678178869218E-4
3.259847087250245E-4
3.25502496234642E-4
3.250211782371837E-4
3.245407525611643E-4
3.240612170390955E-4
3.235825695118155E-4
3.231048078240484E-4
3.2262792982662436E-4
3.2215193337803427E-4
3.216768163410988E-4
3.2120257658485585E-4
3.207292119848937E-4
3.2025672042190756E-4
3.19785099782699E-4
3.193143479602867E-4
3.188444628526854E-4
3.183754423647933E-4
3.179072844065045E-4
3.1743998689426345E-4
3.169735477489555E-4
3.1650796489901545E-4
3.1604323627754116E-4
3.155793598230705E-4
3.151163334809137E-4
3.1465415520182116E-4
3.141928229412061E-4
3.137323346614762E-4
3.132726883301462E-4
3.128138819200599E-4
3.1235591341083335E-4
3.1189878078696776E-4
3.1144248203773817E-4
3.1098701515941407E-4
3.105323781540381E-4
3.1007856902720565E-4
3.096255857926167E-4
3.0917342646785695E-4
3.087220890762854E-4
3.0827157164770025E-4
3.078218722157855E-4
3.0737298882166364E-4
3.0692491951034295E-4
3.0647766233349305E-4
3.0603121534733546E-4
3.055855766135318E-4
3.051407442006271E-4
3.04696716180497E-4
3.0425349063145646E-4
3.038110656379267E-4
3.0336943928854776E-4
3.029286096775108E-4
3.024885749048911E-4
3.020493330757601E-4
3.016108823008512E-4
3.0117322069500574E-4
3.007363463803925E-4
3.0030025748284395E-4
2.9986495213363273E-4
2.994304284702487E-4
2.989966846340675E-4
2.985637187734591E-4
2.9813152904034634E-4
2.9770011359220305E-4
2.972694705923873E-4
2.968395982092531E-4
2.9641049461615054E-4
2.959821579908706E-4
2.955545865174214E-4
2.9512777838458515E-4
2.9470173178614E-4
2.942764449207491E-4
2.938519159924047E-4
2.934281432110941E-4
2.930051247899135E-4
2.925828589483981E-4
2.921613439105242E-4
2.917405779059301E-4
2.9132055916880617E-4
2.909012859381166E-4
2.904827564581547E-4
2.9006496897820977E-4
2.8964792175256715E-4
2.8923161303939793E-4
2.888160411039786E-4
2.8840120421402826E-4
2.8798710064426025E-4
2.875737286727187E-4
2.8716108658333184E-4
2.8674917266446887E-4
2.863379852088288E-4
2.859275225152169E-4
2.855177828865463E-4
2.8510876462994883E-4
2.847004660584407E-4
2.842928854892568E-4
2.8388602124429507E-4
2.8347987165022737E-4
2.8307443503883256E-4
2.826697097466635E-4
2.822656941141588E-4
2.818623864873082E-4
2.814597852168754E-4
2.810578886575099E-4
2.8065669516885716E-4
2.802562031156697E-4
2.798564108664747E-4
2.794573167953507E-4
2.7905891928081683E-4
2.7866121670538924E-4
2.782642074562469E-4
2.778678899257869E-4
2.774722625108472E-4
2.770773236119295E-4
2.7668307163519756E-4
2.7628950499070104E-4
2.7589662209348553E-4
2.755044213622604E-4
2.751129012213971E-4
2.7472206009837574E-4
2.7433189642622757E-4
2.7394240864164754E-4
2.735535951872148E-4
2.731654545077289E-4
2.727779850540957E-4
2.723911852808847E-4
2.7200505364755045E-4
2.716195886174333E-4
2.7123478865853645E-4
2.70850652242971E-4
2.704671778472889E-4
2.70084363952261E-4
2.697022090437651E-4
2.693207116110097E-4
2.689398701475332E-4
2.685596831512038E-4
2.6818014912488586E-4
2.678012665753293E-4
2.6742303401317E-4
2.6704544995292956E-4
2.6666851291479166E-4
2.6629222142193765E-4
2.659165740012126E-4
2.655415691859009E-4
2.651672055110632E-4
2.6479348151697835E-4
2.64420395748699E-4
2.640479467539425E-4
2.6367613308497795E-4
2.6330495329962567E-4
2.629344059575933E-4
2.6256448962447276E-4
2.6219520286874243E-4
2.618265442636547E-4
2.614585123861257E-4
2.6109110581729045E-4
2.607243231425027E-4
2.603581629500029E-4
2.5999262383402666E-4
2.596277043905859E-4
2.5926340322213193E-4
2.588997189323372E-4
2.5853665013131355E-4
2.581741954315042E-4
2.5781235344968234E-4
2.574511228062848E-4
2.570905021270775E-4
2.567304900401579E-4
2.563710851780643E-4
2.560122861767766E-4
2.5565409167682684E-4
2.5529650032229956E-4
2.5493951076116517E-4
2.545831216453909E-4
2.5422733163016353E-4
2.538721393747778E-4
2.535175435429693E-4
2.5316354280113806E-4
2.5281013582068024E-4
2.524573212749903E-4
2.52105097843347E-4
2.5175346420691636E-4
2.514024190521935E-4
2.510519610686712E-4
2.507020889480627E-4
2.503528013887424E-4
2.500040970907502E-4
2.4965597475767876E-4
2.4930843309811657E-4
2.489614708235388E-4
2.486150866486403E-4
2.482692792924457E-4
2.4792404747731034E-4
2.4757938992936435E-4
2.4723530537740235E-4
2.468917925557701E-4
2.465488502004787E-4
2.462064770522021E-4
2.4586467185427896E-4
2.4552343335482174E-4
2.4518276030438546E-4
2.448426514572999E-4
2.4450310557178057E-4
2.441641214089296E-4
2.438256977348452E-4
2.4348783331640256E-4
2.431505269263612E-4
2.428137773402561E-4
2.4247758333628688E-4
2.42141943697205E-4
2.418068572087595E-4
2.414723226596971E-4
2.4113833884265023E-4
2.4080490455347103E-4
2.4047201859123124E-4
2.4013967975922146E-4
2.3980788686339682E-4
2.3947663871248803E-4
2.3914593411988871E-4
2.3881577190132397E-4
2.3848615087584957E-4
2.3815706986729523E-4
2.3782852770037888E-4
2.3750052320536952E-4
2.3717305521453458E-4
2.3684612256313908E-4
2.3651972409133304E-4
2.3619385864082076E-4
2.3586852505763645E-4
2.355437221904788E-4
2.352194488911552E-4
2.3489570401469262E-4
2.34572486420781E-4
2.3424979497055354E-4
2.3392762852847415E-4
2.3360598596278148E-4
2.332848661452669E-4
2.3296426794960912E-4
2.3264419025370575E-4
2.3232463193789687E-4
2.320055918866304E-4
2.316870689863526E-4
2.3136906212672947E-4
2.3105157020175682E-4
2.3073459210676273E-4
2.304181267416272E-4
2.3010217300867275E-4
2.2978672981321946E-4
2.29471796063474E-4
2.2915737067152886E-4
2.2884345255125282E-4
2.2853004062028948E-4
2.2821713380016817E-4
2.2790473101330644E-4
2.2759283118689577E-4
2.272814332503481E-4
2.26970536136184E-4
2.2666013878003266E-4
2.263502401202988E-4
2.2604083909816275E-4
2.257319346583575E-4
2.2542352574805857E-4
2.2511561131743907E-4
2.248081903196697E-4
2.2450126171069673E-4
2.24194824449242E-4
2.2388887749780206E-4
2.2358341982031682E-4
2.2327845038416783E-4
2.2297396816117754E-4
2.2266997212339046E-4
2.223664612468479E-4
2.220634345108108E-4
2.2176089089720463E-4
2.2145882939028638E-4
2.2115724897819877E-4
2.208561486498617E-4
2.205555273995241E-4
2.2025538422165702E-4
2.1995571811583847E-4
2.1965652808264569E-4
2.1935781312676372E-4
2.19059572254654E-4
2.1876180447544247E-4
2.1846450880214086E-4
2.1816768424864907E-4
2.1787132983408508E-4
2.175754445778999E-4
2.1728002750309727E-4
2.1698507763612263E-4
2.166905940045316E-4
2.163965756398767E-4
2.1610302157581973E-4
2.1580993084924227E-4
2.155173024989132E-4
2.1522513556593292E-4
2.149334290955096E-4
2.1464218213440578E-4
2.1435139373227052E-4
2.1406106294030725E-4
2.1377118881460433E-4
2.1348177041202732E-4
2.1319280679199526E-4
2.1290429701747993E-4
2.1261624015378455E-4
2.123286352678777E-4
2.120414814308358E-4
2.117547777142903E-4
2.1146852319420262E-4
2.1118271694808843E-4
2.1089735805612797E-4
2.10612445601277E-4
2.103279786688228E-4
2.1004395634682815E-4
2.0976037772468814E-4
2.0947724189579464E-4
2.091945479554269E-4
2.0891229500064057E-4
2.08630482132377E-4
2.083491084524658E-4
2.0806817306606717E-4
2.077876750808949E-4
2.0750761360677217E-4
2.0722798775574258E-4
2.0694879664284738E-4
2.06670039384238E-4
2.0639171510028476E-4
2.0611382291257918E-4
2.0583636194526633E-4
2.055593313251558E-4
2.0528273018083354E-4
2.0500655764377207E-4
2.0473081284766437E-4
2.0445549492842385E-4
2.041806030247395E-4
2.039061362768546E-4
2.0363209382789904E-4
2.0335847482255698E-4
2.0308527840962043E-4
2.028125037384365E-4
2.0254014996035075E-4
2.0226821623059443E-4
2.0199670170628625E-4
2.0172560554532204E-4
2.014549269099275E-4
2.0118466496321652E-4
2.0091481887096752E-4
2.0064538780117935E-4
2.003763709238493E-4
2.0010776741175018E-4
1.9983957643932015E-4
1.9957179718321783E-4
1.993044288235435E-4
1.9903747054028642E-4
1.9877092151732167E-4
1.9850478094085577E-4
1.982390479984275E-4
1.9797372187912998E-4
1.977088017764972E-4
1.9744428688384108E-4
1.9718017639802632E-4
1.9691646951780495E-4
1.966531654433723E-4
1.9639026337814336E-4
1.9612776252675435E-4
1.9586566209628398E-4
1.956039612964755E-4
1.953426593377383E-4
1.950817554344786E-4
1.9482124880132456E-4
1.945611386560131E-4
1.9430142421894558E-4
1.9404210471063443E-4
1.937831793558109E-4
1.9352464737998343E-4
1.932665080111029E-4
1.930087604790076E-4
1.927514040153122E-4
1.9249443785473996E-4
1.9223786123312436E-4
1.919816733877422E-4
1.9172587355942294E-4
1.9147046099032838E-4
1.9121543492395254E-4
1.90960794606454E-4
1.9070653928598968E-4
1.9045266821249296E-4
1.9019918063811758E-4
1.8994607581668266E-4
1.896933530040057E-4
1.894410114579026E-4
1.891890504382987E-4
1.8893746920722876E-4
1.8868626702794877E-4
1.884354431660462E-4
1.88184996889329E-4
1.879349274669373E-4
1.876852341704538E-4
1.8743591627334855E-4
1.8718697305075693E-4
1.869384037790356E-4
1.866902077377608E-4
1.8644238420761905E-4
1.8619493247173935E-4
1.8594785181413886E-4
1.8570114152127726E-4
1.854548008821677E-4
1.8520882918604542E-4
1.8496322572514323E-4
1.8471798979380338E-4
1.8447312068670119E-4
1.8422861770261978E-4
1.8398448014045332E-4
1.837407073007613E-4
1.8349729848676777E-4
1.8325425300369513E-4
1.83011570157654E-4
1.8276924925697546E-4
1.8252728961187792E-4
1.8228569053524435E-4
1.8204445133906955E-4
1.8180357133990022E-4
1.8156304985461613E-4
1.813228862027616E-4
1.8108307970432502E-4
1.8084362968251444E-4
1.8060453546120403E-4
1.8036579636626637E-4
1.8012741172590552E-4
1.7988938086910267E-4
1.7965170312750356E-4
1.794143778335311E-4
1.791774043222727E-4
1.7894078192959295E-4
1.787045099935769E-4
1.7846858785475206E-4
1.782330148533129E-4
1.7799779033311758E-4
1.7776291363857943E-4
1.775283841163322E-4
1.77294201114786E-4
1.7706036398290603E-4
1.7682687207221104E-4
1.7659372473710633E-4
1.76360921330998E-4
1.7612846121051184E-4
1.7589634373416096E-4
1.756645682613467E-4
1.754331341528026E-4
1.7520204077225987E-4
1.7497128748411583E-4
1.7474087365332291E-4
1.7451079864949648E-4
1.742810618408086E-4
1.7405166259831795E-4
1.738226002947485E-4
1.7359387430426754E-4
1.7336548400259666E-4
1.7313742876645666E-4
1.7290970797567695E-4
1.7268232100997594E-4
1.724552672515145E-4
1.722285460837858E-4
1.720021568918373E-4
1.717760990624928E-4
1.7155037198413048E-4
1.7132497504579458E-4
1.7109990763919392E-4
1.7087516915736956E-4
1.706507589940287E-4
1.7042667654532107E-4
1.7020292120861757E-4
1.6997949238328758E-4
1.6975638946881144E-4
1.69533611867001E-4
1.6931115898211058E-4
1.6908903021817245E-4
1.688672249816614E-4
1.6864574268082855E-4
1.684245827248132E-4
1.6820374452408693E-4
1.679832274911197E-4
1.677630310392697E-4
1.6754315458422653E-4
1.6732359754234594E-4
1.6710435933164902E-4
1.668854393712671E-4
1.6666683708321806E-4
1.6644855188896468E-4
1.662305832121902E-4
1.660129304789093E-4
1.6579559311546976E-4
1.6557857054988467E-4
1.6536186221127736E-4
1.6514546753121362E-4
1.649293859413703E-4
1.6471361687597774E-4
1.6449815977004345E-4
1.6428301405979617E-4
1.6406817918357408E-4
1.6385365458027046E-4
1.6363943969055494E-4
1.6342553395642945E-4
1.6321193682167223E-4
1.6299864773039463E-4
1.6278566612926149E-4
1.6257299146549276E-4
1.623606231883068E-4
1.62148560747144E-4
1.619368035944424E-4
1.617253511821959E-4
1.6151420296517394E-4
1.6130335839881216E-4
1.6109281694010047E-4
1.6088257804680595E-4
1.606726411789161E-4
1.6046300579664052E-4
1.602536713628533E-4
1.6004463734076158E-4
1.5983590319501584E-4
1.596274683915988E-4
1.5941933239771444E-4
1.5921149468267615E-4
1.590039547156863E-4
1.587967119681677E-4
1.5858976591309748E-4
1.5838311602378585E-4
1.5817676177520834E-4
1.5797070264322866E-4
1.5776493810659709E-4
1.5755946764373086E-4
1.573542907341574E-4
1.5714940686017975E-4
1.5694481550343475E-4
1.5674051614833484E-4
1.5653650827973653E-4
1.5633279138371758E-4
1.5612936494835417E-4
1.5592622846216653E-4
1.5572338141534026E-4
1.5552082329917116E-4
1.5531855360551017E-4
1.5511657182842864E-4
1.5491487746310817E-4
1.5471347000517444E-4
1.5451234895191845E-4
1.543115138019635E-4
1.5411096405526514E-4
1.53910699212223E-4
1.5371071877523512E-4
1.5351102224725466E-4
1.5331160913256703E-4
1.531124789381222E-4
1.5291363116920476E-4
1.5271506533398593E-4
1.5251678094185817E-4
1.5231877750343514E-4
1.5212105452944158E-4
1.5192361153293366E-4
1.5172644802796675E-4
1.5152956352870728E-4
1.5133295755187515E-4
1.511366296138572E-4
1.5094057923381587E-4
1.5074480593124662E-4
1.5054930922586696E-4
1.5035408864039201E-4
1.5015914369687078E-4
1.499644739196837E-4
1.4977007883387738E-4
1.4957595796583067E-4
1.493821108428106E-4
1.4918853699275036E-4
1.4899523594569253E-4
1.488022072322348E-4
1.486094503839741E-4
1.4841696493395062E-4
1.4822475041553762E-4
1.4803280636455085E-4
1.4784113231658402E-4
1.4764972780889618E-4
1.474585923794125E-4
1.4726772556805656E-4
1.4707712691475194E-4
1.4688679596142062E-4
1.4669673225020663E-4
1.4650693532458625E-4
1.4631740472992316E-4
1.4612814001124796E-4
1.4593914071547864E-4
1.4575040639019932E-4
1.4556193658521455E-4
1.4537373084955174E-4
1.4518578873434773E-4
1.4499810979140548E-4
1.448106935741933E-4
1.446235396362905E-4
1.4443664753305274E-4
1.4425001682050187E-4
1.4406364705554786E-4
1.4387753779698809E-4
1.436916886030648E-4
1.4350609903424072E-4
1.433207686523108E-4
1.431356970184039E-4
1.4295088369620235E-4
1.4276632825060975E-4
1.425820302454195E-4
1.4239798924764457E-4
1.4221420482407598E-4
1.420306765435031E-4
1.418474039742712E-4
1.4166438668661296E-4
1.4148162425242639E-4
1.412991162428323E-4
1.4111686223095E-4
1.4093486179167503E-4
1.4075311449868178E-4
1.4057161992897527E-4
1.4039037765900542E-4
1.4020938726688748E-4
1.4002864833095874E-4
1.398481604311108E-4
1.3966792314856757E-4
1.394879360645529E-4
1.3930819876162293E-4
1.391287108238881E-4
1.3894947183479278E-4
1.3877048138111192E-4
1.3859173904839928E-4
1.3841324442354086E-4
1.3823499709575415E-4
1.3805699665370152E-4
1.378792426872666E-4
1.3770173478744319E-4
1.3752447254666844E-4
1.3734745555737948E-4
1.3717068341312366E-4
1.369941557087806E-4
1.3681787203989604E-4
1.3664183200268187E-4
1.3646603519479328E-4
1.3629048121488463E-4
1.3611516966083315E-4
1.3594010013340263E-4
1.3576527223368995E-4
1.355906855634581E-4
1.354163397254693E-4
1.3524223432270777E-4
1.3506836896015617E-4
1.3489474324279715E-4
1.3472135677694563E-4
1.3454820917047083E-4
1.3437530003013176E-4
1.342026289651299E-4
1.340301955853329E-4
1.3385799950127453E-4
1.3368604032470977E-4
1.335143176667275E-4
1.3334283114130319E-4
1.331715803625233E-4
1.330005649449184E-4
1.328297845041293E-4
1.326592386564629E-4
1.324889270195584E-4
1.3231884921183212E-4
1.321490048519225E-4
1.319793935595781E-4
1.3181001495543576E-4
1.3164086866157554E-4
1.314719542999665E-4
1.3130327149324383E-4
1.3113481986670728E-4
1.3096659904399122E-4
1.3079860865106152E-4
1.3063084831488325E-4
1.3046331766164432E-4
1.3029601632008614E-4
1.3012894391917218E-4
1.2996210008831E-4
1.2979548445779532E-4
1.296290966594782E-4
1.294629363248756E-4
1.292970030873919E-4
1.2913129657998734E-4
1.2896581643739857E-4
1.2880056229558345E-4
1.2863553378950066E-4
1.2847073055677338E-4
1.283061522343587E-4
1.2814179846099005E-4
1.279776688756229E-4
1.2781376311887804E-4
1.276500808303771E-4
1.274866216524062E-4
1.2732338522691844E-4
1.2716037119664403E-4
1.2699757920597854E-4
1.2683500889920651E-4
1.266726599211676E-4
1.2651053191869988E-4
1.2634862453819729E-4
1.26186937427053E-4
1.2602547023388144E-4
1.2586422260751906E-4
1.2570319419802356E-4
1.255423846556747E-4
1.2538179363241753E-4
1.2522142077964205E-4
1.250612657496264E-4
1.249013281970912E-4
1.2474160777575793E-4
1.2458210414068027E-4
1.24422816947245E-4
1.2426374585217115E-4
1.2410489051262186E-4
1.239462505864264E-4
1.237878257318581E-4
1.2362961560918873E-4
1.2347161987780186E-4
1.233138381986354E-4
1.2315627023240516E-4
1.229989156427136E-4
1.228417740911647E-4
1.2268484524202705E-4
1.225281287600133E-4
1.2237162430939197E-4
1.2221533155587494E-4
1.2205925016617325E-4
1.2190337980733101E-4
1.217477201471695E-4
1.2159227085450919E-4
1.2143703159805952E-4
1.2128200204764017E-4
1.2112718187407001E-4
1.2097257074861201E-4
1.2081816834330628E-4
1.2066397433063702E-4
1.205099883837546E-4
1.2035621017736364E-4
1.2020263938516962E-4
1.2004927568265433E-4
1.1989611874640982E-4
1.1974316825280606E-4
1.1959042387854613E-4
1.1943788530299759E-4
1.1928555220364068E-4
1.1913342426084217E-4
1.189815011531925E-4
1.1882978256272381E-4
1.1867826817002491E-4
1.1852695765679488E-4
1.183758507068422E-4
1.1822494700242103E-4
1.1807424622756191E-4
1.1792374806718353E-4
1.1777345220598257E-4
1.1762335833065407E-4
1.1747346612700493E-4
1.1732377528250737E-4
1.171742854846336E-4
1.1702499642207709E-4
1.1687590778397539E-4
1.1672701925991014E-4
1.1657833054012912E-4
1.1642984131532419E-4
1.162815512780746E-4
1.1613346011929426E-4
1.1598556753289468E-4
1.158378732118992E-4
1.1569037685021932E-4
1.1554307814232168E-4
1.1539597678467128E-4
1.152490724724009E-4
1.1510236490153147E-4
1.1495585377019335E-4
1.1480953877585076E-4
1.1466341961674509E-4
1.1451749599233896E-4
1.1437176760165091E-4
1.142262341448097E-4
1.1408089532305432E-4
1.139357508378458E-4
1.1379080039097822E-4
1.1364604368502285E-4
1.1350148042355013E-4
1.1335711030968643E-4
1.1321293304822344E-4
1.1306894834417491E-4
1.1292515590355379E-4
1.1278155543148483E-4
1.1263814663531324E-4
1.1249492922271731E-4
1.1235190290093122E-4
1.122090673788545E-4
1.1206642236560871E-4
1.1192396757042644E-4
1.117817027040946E-4
1.1163962747728906E-4
1.114977416011298E-4
1.1135604478762495E-4
1.1121453674978188E-4
1.1107321719983076E-4
1.109320858524443E-4
1.1079114242129595E-4
1.1065038662083637E-4
1.1050981816695948E-4
1.1036943677555922E-4
1.102292421630846E-4
1.1008923404687287E-4
1.0994941214392817E-4
1.0980977617247589E-4
1.0967032585185166E-4
1.0953106090028086E-4
1.0939198103854242E-4
1.0925308598652705E-4
1.0911437546534675E-4
1.0897584919633552E-4
1.0883750690160454E-4
1.0869934830359806E-4
1.0856137312542646E-4
1.0842358109075523E-4
1.0828597192369394E-4
1.0814854534912932E-4
1.0801130109172608E-4
1.0787423887803627E-4
1.0773735843416787E-4
1.0760065948656194E-4
1.0746414176332486E-4
1.0732780499145278E-4
1.0719164890005128E-4
1.0705567321811493E-4
1.0691987767463829E-4
1.0678426200017022E-4
1.0664882592459346E-4
1.0651356917967814E-4
1.0637849149619516E-4
1.0624359260691385E-4
1.0610887224438148E-4
1.0597433014158941E-4
1.0583996603175105E-4
1.0570577964963412E-4
1.0557177073011736E-4
1.0543793900730236E-4
1.0530428421762217E-4
1.0517080609750984E-4
1.0503750438295434E-4
1.0490437881205406E-4
1.0477142912146409E-4
1.0463865505005998E-4
1.0450605633660626E-4
1.043736327192013E-4
1.0424138393927418E-4
1.0410930973614452E-4
1.039774098503532E-4
1.038456840234403E-4
1.0371413199650181E-4
1.0358275351263213E-4
1.0345154831381542E-4
1.0332051614336812E-4
1.0318965674493974E-4
1.0305896986240182E-4
1.029284552410692E-4
1.0279811262559058E-4
1.0266794176139182E-4
1.02537942394898E-4
1.0240811427220109E-4
1.0227845714094741E-4
1.0214897074800611E-4
1.0201965484180064E-4
1.0189050917008835E-4
1.0176153348273598E-4
1.0163272752883312E-4
1.015040910575804E-4
1.0137562382006582E-4
1.0124732556726634E-4
1.011191960493818E-4
1.0099123501938756E-4
1.0086344222914878E-4
1.0073581743053062E-4
1.0060836037750764E-4
1.0048107082338831E-4
1.0035394852225821E-4
1.002269932289801E-4
1.0010020469786163E-4
9.997358268465373E-5
9.984712694510733E-5
9.972083723597258E-5
9.959471331366654E-5
9.94687549357165E-5
9.934296185976077E-5
9.921733384343767E-5
9.90918706458288E-5
9.89665720261268E-5
9.884143774374632E-5
9.871646755821306E-5
9.859166122982987E-5
9.846701852045392E-5
9.834253919005498E-5
9.821822300160044E-5
9.809406971628132E-5
9.797007909684297E-5
9.784625090647481E-5
9.772258490881036E-5
9.759908086737212E-5
9.747573854679281E-5
9.735255771159412E-5
9.722953812685287E-5
9.710667955897812E-5
9.698398177349077E-5
9.686144453657786E-5
9.673906761531459E-5
9.661685077733129E-5
9.649479379025827E-5
9.637289642228097E-5
9.62511584419179E-5
9.612957961824264E-5
9.600815972055088E-5
9.58868985193595E-5
9.576579578440825E-5
9.564485128643607E-5
9.552406479651498E-5
9.540343608693824E-5
9.528296492822275E-5
9.516265109366095E-5
9.504249435665635E-5
9.492249448950218E-5
9.480265126582399E-5
9.468296445969138E-5
9.456343384606214E-5
9.444405919933896E-5
9.432484029447963E-5
9.420577690788523E-5
9.40868688147356E-5
9.396811579232E-5
9.384951761737259E-5
9.37310740666275E-5
9.361278491804015E-5
9.349464994989898E-5
9.337666894015939E-5
9.325884166799803E-5
9.314116791281357E-5
9.302364745400471E-5
9.290628007196933E-5
9.278906554666122E-5
9.267200365925543E-5
9.255509419003882E-5
9.243833692262893E-5
9.232173163742363E-5
9.220527811715229E-5
9.208897614509937E-5
9.197282550332808E-5
9.185682597656619E-5
9.174097734865327E-5
9.162527940298482E-5
9.150973192528777E-5
9.139433469951275E-5
9.127908751238589E-5
9.116399014907905E-5
9.104904239565226E-5
9.093424403983086E-5
9.081959486756386E-5
9.070509466591048E-5
9.059074322359528E-5
9.047654032834362E-5
9.036248576810291E-5
9.024857933292996E-5
9.013482081110524E-5
9.002120999246355E-5
8.990774666717272E-5
8.979443062506753E-5
8.968126165764811E-5
8.956823955530435E-5
8.945536410986943E-5
8.93426351130655E-5
8.92300523573919E-5
8.911761563490384E-5
8.900532473821166E-5
8.889317946159103E-5
8.87811795980964E-5
8.866932494200341E-5
8.85576152872547E-5
8.84460504290141E-5
8.833463016189036E-5
8.82233542809363E-5
8.811222258342521E-5
8.800123486396583E-5
8.789039092049755E-5
8.777969054807322E-5
8.766913354552042E-5
8.755871970989038E-5
8.74484488385674E-5
8.733832073049008E-5
8.722833518426398E-5
8.711849199793953E-5
8.70087909717876E-5
8.689923190530191E-5
8.678981459764312E-5
8.66805388505254E-5
8.657140446377554E-5
8.646241123844156E-5
8.635355897634867E-5
8.624484747832284E-5
8.613627654763256E-5
8.602784598588098E-5
8.591955559589248E-5
8.581140518104657E-5
8.570339454416764E-5
8.559552348952337E-5
8.548779182160349E-5
8.538019934423158E-5
8.52727458615643E-5
8.516543118008979E-5
8.505825510429776E-5
8.495121744012124E-5
8.484431799371528E-5
8.473755657167903E-5
8.463093298027857E-5
8.452444702766737E-5
8.441809851977844E-5
8.431188726532035E-5
8.420581307266861E-5
8.40998757490885E-5
8.399407510395474E-5
8.388841094675303E-5
8.378288308574788E-5
8.367749133175728E-5
8.357223549426696E-5
8.346711538353979E-5
8.336213081061583E-5
8.325728158598E-5
8.315256752122746E-5
8.304798842806438E-5
8.294354411830795E-5
8.283923440388641E-5
8.273505909806023E-5
8.263101801331274E-5
8.252711096279342E-5
8.242333776042887E-5
8.231969821936858E-5
8.221619215442733E-5
8.211281937986481E-5
8.20095797098297E-5
8.190647296035802E-5
8.180349894681971E-5
8.170065748425159E-5
8.159794838880075E-5
8.149537147705832E-5
8.139292656561548E-5
8.129061347139643E-5
8.11884320112144E-5
8.10863820035479E-5
8.098446326543218E-5
8.088267561545681E-5
8.078101887176725E-5
8.067949285284204E-5
8.057809737893606E-5
8.04768322681948E-5
8.037569734098415E-5
8.027469241689289E-5
8.017381731628692E-5
8.007307185997625E-5
7.997245586821577E-5
7.987196916292572E-5
7.977161156536017E-5
7.967138289621811E-5
7.957128297975125E-5
7.947131163610344E-5
7.937146868908229E-5
7.927175396116315E-5
7.917216727604259E-5
7.907270845697312E-5
7.89733773270962E-5
7.887417371177374E-5
7.877509743459132E-5
7.867614832035574E-5
7.857732619387381E-5
7.847863088072948E-5
7.838006220617366E-5
7.828161999656746E-5
7.818330407738383E-5
7.808511427531695E-5
7.798705041694998E-5
7.788911232919915E-5
7.779129983986888E-5
7.769361277532028E-5
7.759605096469002E-5
7.749861423544946E-5
7.740130241551402E-5
7.730411533468651E-5
7.720705282088236E-5
7.711011470357132E-5
7.701330081244517E-5
7.691661097752878E-5
7.682004502806983E-5
7.672360279509238E-5
7.662728410917641E-5
7.65310888005688E-5
7.643501670140385E-5
7.633906764192844E-5
7.624324145494299E-5
7.614753797180462E-5
7.605195702509171E-5
7.595649844704955E-5
7.586116207047855E-5
7.57659477290673E-5
7.567085525483908E-5
7.557588448248165E-5
7.548103524546157E-5
7.538630737857765E-5
7.529170071574054E-5
7.519721509063881E-5
7.510285033995867E-5
7.500860629783279E-5
7.491448279983715E-5
7.482047968210281E-5
7.472659678042781E-5
7.463283393094322E-5
7.453919097033523E-5
7.444566773517902E-5
7.435226406282691E-5
7.425897979074225E-5
7.416581475583328E-5
7.407276879667357E-5
7.397984175128158E-5
7.388703345700964E-5
7.379434375376359E-5
7.370177247967291E-5
7.360931947364424E-5
7.351698457613853E-5
7.34247676259514E-5
7.333266846276665E-5
7.324068692782237E-5
7.314882286080238E-5
7.305707610205658E-5
7.29654464928231E-5
7.287393387489516E-5
7.27825380887337E-5
7.269125897657602E-5
7.260009638021536E-5
7.250905014133391E-5
7.241812010339022E-5
7.232730610806648E-5
7.223660799926535E-5
7.214602561944616E-5
7.205555881184544E-5
7.196520742080992E-5
7.187497128990916E-5
7.178485026337889E-5
7.169484418567684E-5
7.160495290126079E-5
7.151517625536563E-5
7.142551409311526E-5
7.133596625907845E-5
7.12465326003775E-5
7.115721296158117E-5
7.106800718970074E-5
7.097891513063725E-5
7.088993663084686E-5
7.080107153711879E-5
7.071231969724145E-5
7.062368095833715E-5
7.053515516752817E-5
7.044674217304703E-5
7.035844182257112E-5
7.0270253964555E-5
7.018217844778629E-5
7.009421512060854E-5
7.000636383225345E-5
6.991862443217478E-5
6.983099676904914E-5
6.974348069355152E-5
6.965607605491364E-5
6.95687827038105E-5
6.948160049025098E-5
6.939452926468803E-5
6.930756887912892E-5
6.922071918369355E-5
6.913398002961202E-5
6.904735126900263E-5
6.896083275287346E-5
6.887442433423097E-5
6.878812586519345E-5
6.870193719765716E-5
6.861585818462856E-5
6.852988867900311E-5
6.844402853423137E-5
6.835827760343083E-5
6.827263574049613E-5
6.818710279865581E-5
6.810167863269267E-5
6.801636309716752E-5
6.793115604519784E-5
6.784605733300975E-5
6.776106681483096E-5
6.767618434611045E-5
6.759140978240818E-5
6.750674297906212E-5
6.742218379185427E-5
6.733773207723281E-5
6.725338769153488E-5
6.716915049109762E-5
6.70850203329243E-5
6.700099707368512E-5
6.691708057082746E-5
6.683327068135458E-5
6.674956726360204E-5
6.66659701745731E-5
6.658247927304739E-5
6.649909441724944E-5
6.641581546518172E-5
6.633264227617897E-5
6.624957470857673E-5
6.616661262237589E-5
6.608375587580095E-5
6.600100432962996E-5
6.59183578428646E-5
6.583581627594981E-5
6.575337948866444E-5
6.567104734200857E-5
6.558881969620511E-5
6.55066964124762E-5
6.542467735171087E-5
6.534276237502024E-5
6.52609513440705E-5
6.517924412086096E-5
6.509764056694678E-5
6.501614054432725E-5
6.49347439157788E-5
6.485345054396685E-5
6.477226029089067E-5
6.469117302010385E-5
6.461018859493795E-5
6.45293068782804E-5
6.444852773401788E-5
6.436785102570397E-5
6.428727661789146E-5
6.420680437424497E-5
6.412643415931729E-5
6.404616583777223E-5
6.396599927471769E-5
6.38859343343734E-5
6.380597088317952E-5
6.372610878513374E-5
6.364634790745338E-5
6.356668811491328E-5
6.348712927350952E-5
6.340767125001534E-5
6.332831391075988E-5
6.324905712229434E-5
6.31699007511699E-5
6.3090844665048E-5
6.301188873070185E-5
6.293303281601492E-5
6.285427678864863E-5
6.27756205152652E-5
6.269706386519136E-5
6.26186067068657E-5
6.254024890728349E-5
6.246199033621558E-5
6.238383086210053E-5
6.230577035470919E-5
6.222780868225808E-5
6.214994571474008E-5
6.207218132148196E-5
6.199451537236556E-5
6.191694773771683E-5
6.183947828697356E-5
6.176210689146089E-5
6.168483342139375E-5
6.160765774732013E-5
6.153057973989906E-5
6.145359927145488E-5
6.137671621275764E-5
6.12999304346884E-5
6.122324180968253E-5
6.114665021006438E-5
6.107015550682604E-5
6.099375757329106E-5
6.091745628145073E-5
6.084125150440656E-5
6.07651431140388E-5
6.068913098433715E-5
6.061321498862515E-5
6.0537395000004324E-5
6.0461670891909236E-5
6.0386042538773665E-5
6.031050981369912E-5
6.023507259189653E-5
6.01597307469115E-5
6.0084484153510864E-5
6.0009332686794536E-5
5.993427622197345E-5
5.9859314632926264E-5
5.9784447795752094E-5
5.970967558577289E-5
5.963499787919879E-5
5.956041455135175E-5
5.9485925478108825E-5
5.9411530536013224E-5
5.933722960149712E-5
5.926302255132576E-5
5.918890926137621E-5
5.9114889608968824E-5
5.904096347209009E-5
5.896713072728321E-5
5.889339125220161E-5
5.8819744923943595E-5
5.8746191621272814E-5
5.8672731221620644E-5
5.859936360330664E-5
5.8526088645094454E-5
5.845290622497057E-5
5.8379816221809655E-5
5.830681851481945E-5
5.823391298254155E-5
5.816109950518289E-5
5.808837796106303E-5
5.8015748230833E-5
5.79432101935895E-5
5.787076372931743E-5
5.779840871877884E-5
5.772614504151452E-5
5.765397257828653E-5
5.758189121052304E-5
5.750990081831997E-5
5.74380012821063E-5
5.7366192484087364E-5
5.72944743054693E-5
5.722284662756927E-5
5.715130933181545E-5
5.7079862300857265E-5
5.7008505415789834E-5
5.6937238559928716E-5
5.6866061614480046E-5
5.679497446309245E-5
5.672397698797127E-5
5.665306907187695E-5
5.658225059812505E-5
5.651152144980909E-5
5.6440881510799734E-5
5.6370330664190504E-5
5.6299868793630026E-5
5.622949578387715E-5
5.615921151769232E-5
5.60890158803895E-5
5.6018908756172436E-5
5.594889002968895E-5
5.587895958492073E-5
5.580911730784788E-5
5.5739363082896176E-5
5.566969679604572E-5
5.560011833172229E-5
5.5530627575683944E-5
5.546122441479895E-5
5.539190873338207E-5
5.5322680418412595E-5
5.525353935653676E-5
5.51844854334016E-5
5.5115518535986396E-5
5.50466385504933E-5
5.497784536445671E-5
5.490913886430082E-5
5.484051893767106E-5
5.477198547221285E-5
5.4703538355127534E-5
5.46351774738385E-5
5.4566902716546295E-5
5.4498713971118384E-5
5.4430611126310424E-5
5.436259406943478E-5
5.4294662690135276E-5
5.422681687605735E-5
5.415905651684483E-5
5.4091381500698255E-5
5.402379171759453E-5
5.395628705640032E-5
5.38888674064264E-5
5.3821532657760685E-5
5.3754282699491895E-5
5.3687117421818975E-5
5.362003671549598E-5
5.355304046983367E-5
5.348612857591917E-5
5.3419300923729374E-5
5.335255740435141E-5
5.328589790876137E-5
5.321932232793536E-5
5.315283055262743E-5
5.308642247459083E-5
5.302009798524576E-5
5.2953856976123426E-5
5.2887699338866057E-5
5.2821624966004066E-5
5.275563374895764E-5
5.268972558059026E-5
5.262390035332132E-5
5.255815795923713E-5
5.249249829042402E-5
5.242692124152182E-5
5.236142670450583E-5
5.229601457246158E-5
5.2230684738807653E-5
5.2165437097073664E-5
5.21002715416774E-5
5.203518796492723E-5
5.1970186261685036E-5
5.1905266325924515E-5
5.1840428051397325E-5
5.177567133318739E-5
5.171099606526841E-5
5.164640214272431E-5
5.158188945986186E-5
5.151745791243112E-5
5.145310739484987E-5
5.138883780242409E-5
5.1324649031347924E-5
5.126054097592814E-5
5.119651353291399E-5
5.1132566597833495E-5
5.106870006632569E-5
5.1004913835250854E-5
5.094120780047007E-5
5.087758185862157E-5
5.08140359058995E-5
5.075056983927517E-5
5.068718355560886E-5
5.062387695220494E-5
5.056064992570164E-5
5.0497502373847425E-5
5.043443419383564E-5
5.0371445283192706E-5
5.030853554044423E-5
5.024570486233948E-5
5.018295314784815E-5
5.012028029471871E-5
5.0057686200810636E-5
4.999517076553772E-5
4.993273388675945E-5
4.9870375463445527E-5
4.9808095394565655E-5
4.974589357920056E-5
4.968376991609791E-5
4.96217243052266E-5
4.955975664544532E-5
4.949786683661195E-5
4.943605477869539E-5
4.9374320370998426E-5
4.931266351404506E-5
4.925108410769319E-5
4.918958205213375E-5
4.9128157248112814E-5
4.9066809595821326E-5
4.9005538996227394E-5
4.894434535029912E-5
4.8883228558671554E-5
4.882218852264586E-5
4.876122514352321E-5
4.8700338322604786E-5
4.863952796163584E-5
4.857879396202858E-5
4.851813622530621E-5
4.845755465376911E-5
4.839704914971765E-5
4.833661961534119E-5
4.8276265952607034E-5
4.821598806381555E-5
4.81557858521553E-5
4.8095659220370734E-5
4.803560807076224E-5
4.797563230718449E-5
4.7915731832159913E-5
4.785590654887706E-5
4.779615636107959E-5
4.773648117262219E-5
4.767688088680444E-5
4.7617355407592044E-5
4.755790463850662E-5
4.749852848384695E-5
4.743922684813384E-5
4.737999963622119E-5
4.7320846751519596E-5
4.726176809888294E-5
4.7202763583498175E-5
4.714383311010817E-5
4.7084976583455784E-5
4.702619390906104E-5
4.6967484991444763E-5
4.690884973734821E-5
4.68502880507371E-5
4.67917998389078E-5
4.6733385006381134E-5
4.667504345989837E-5
4.6616775104979524E-5
4.655857984792178E-5
4.650045759524435E-5
4.644240825291135E-5
4.63844317284412E-5
4.632652792757597E-5
4.626869675772305E-5
4.621093812540167E-5
4.615325193768616E-5
4.6095638102983116E-5
4.603809652703461E-5
4.598062711758111E-5
4.5923229783362274E-5
4.586590443134142E-5
4.5808650968925946E-5
4.575146930452245E-5
4.5694359346315494E-5
4.563732100271167E-5
4.558035418178452E-5
4.552345879194064E-5
4.546663474214174E-5
4.5409881940239316E-5
4.535320029641632E-5
4.529658971874628E-5
4.524005011619092E-5
4.518358139893319E-5
4.512718347515765E-5
4.507085625538032E-5
4.5014599648562914E-5
4.495841356455532E-5
4.4902297913207434E-5
4.484625260470221E-5
4.479027754900056E-5
4.473437265584135E-5
4.467853783651776E-5
4.462277300099071E-5
4.4567078059887244E-5
4.451145292316827E-5
4.445589750279311E-5
4.4400411709166754E-5
4.434499545380444E-5
4.428964864722218E-5
4.4234371200824185E-5
4.417916302679181E-5
4.4124024036085174E-5
4.406895414044154E-5
4.401395325137614E-5
4.395902128151441E-5
4.390415814226056E-5
4.3849363746018E-5
4.3794638005301145E-5
4.373998083195829E-5
4.368539213861489E-5
4.3630871838118424E-5
4.3576419843427416E-5
4.3522036066834247E-5
4.346772042185254E-5
4.341347282144081E-5
4.3359293178335534E-5
4.3305181406716464E-5
4.3251137419320074E-5
4.31971611302151E-5
4.314325245247108E-5
4.308941130082289E-5
4.303563758845108E-5
4.29819312294244E-5
4.2928292138366686E-5
4.2874720229346686E-5
4.28212154167662E-5
4.2767777615027036E-5
4.271440673819793E-5
4.266110270245704E-5
4.260786542109596E-5
4.2554694810181815E-5
4.2501590784116416E-5
4.2448553258633837E-5
4.2395582148802013E-5
4.234267736991093E-5
4.2289838837472615E-5
4.223706646777625E-5
4.21843601760008E-5
4.213171987765829E-5
4.207914548970404E-5
4.202663692742803E-5
4.1974194107674556E-5
4.192181694639974E-5
4.18695053601148E-5
4.181725926521995E-5
4.176507857867051E-5
4.171296321731077E-5
4.1660913097651964E-5
4.160892813731554E-5
4.155700825281272E-5
4.150515336098781E-5
4.145336338057248E-5
4.1401638228188986E-5
4.1349977821125705E-5
4.1298382077559204E-5
4.124685091511093E-5
4.1195384251846434E-5
4.1143982005276136E-5
4.109264409390967E-5
4.1041370435923596E-5
4.099016094949448E-5
4.093901555357604E-5
4.088793416590075E-5
4.0836916705533355E-5
4.0785963091760635E-5
4.0735073243092224E-5
4.068424707803775E-5
4.0633484515884E-5
4.058278547647287E-5
4.053214987842502E-5
4.0481577641693356E-5
4.043106868534263E-5
4.038062292932576E-5
4.0330240293151576E-5
4.0279920697106064E-5
4.0229664060587034E-5
4.017947030432456E-5
4.012933934760543E-5
4.007927111149279E-5
4.0029265516161594E-5
3.997932248156477E-5
3.99294419294316E-5
3.987962377960397E-5
3.9829867953034004E-5
3.9780174370562804E-5
3.973054295380862E-5
3.9680973622946425E-5
3.9631466300038554E-5
3.958202090614815E-5
3.953263736278245E-5
3.9483315591337664E-5
3.9434055513543065E-5
3.938485705112793E-5
3.933572012604358E-5
3.928664466046339E-5
3.923763057545049E-5
3.9188677794843585E-5
3.9139786239483776E-5
3.909095583232158E-5
3.904218649575242E-5
3.899347815261578E-5
3.894483072575117E-5
3.88962441371099E-5
3.884771831030864E-5
3.879925316818689E-5
3.875084863380618E-5
3.870250463000602E-5
3.8654221080625106E-5
3.860599790939112E-5
3.855783503903254E-5
3.8509732392943974E-5
3.846168989618537E-5
3.8413707471596226E-5
3.8365785043015244E-5
3.831792253450317E-5
3.8270119871119945E-5
3.822237697592712E-5
3.817469377320748E-5
3.812707018846506E-5
3.80795061452055E-5
3.8032001568821805E-5
3.798455638370779E-5
3.793717051425727E-5
3.788984388597427E-5
3.784257642347466E-5
3.779536805226247E-5
3.774821869695355E-5
3.77011282838291E-5
3.7654096737727016E-5
3.760712398381827E-5
3.756020994838405E-5
3.751335455681737E-5
3.7466557735177375E-5
3.741981940885708E-5
3.7373139504137676E-5
3.732651794707831E-5
3.727995466407119E-5
3.723344958173058E-5
3.718700262533847E-5
3.71406137223973E-5
3.709428279929927E-5
3.7048009782325586E-5
3.700179459864561E-5
3.695563717531769E-5
3.6909537438845064E-5
3.686349531606403E-5
3.681751073592032E-5
3.677158362291877E-5
3.672571390656021E-5
3.667990151334788E-5
3.663414637100626E-5
3.6588448407814944E-5
3.654280755027717E-5
3.649722372744968E-5
3.645169686672389E-5
3.640622689582429E-5
3.636081374347455E-5
3.631545733784325E-5
3.627015760643282E-5
3.6224914478633075E-5
3.617972788261259E-5
3.613459774698402E-5
3.608952399991594E-5
3.604450657113123E-5
3.5999545389131526E-5
3.595464038241847E-5
3.5909791480603914E-5
3.586499861296666E-5
3.582026170823038E-5
3.57755806957849E-5
3.5730955505464124E-5
3.5686386066435816E-5
3.5641872308644906E-5
3.559741416203632E-5
3.555301155555579E-5
3.550866441959233E-5
3.546437268442393E-5
3.542013627977347E-5
3.537595513569691E-5
3.533182918291633E-5
3.528775835137665E-5
3.524374257168894E-5
3.51997817746863E-5
3.5155875890535704E-5
3.5112024849959234E-5
3.5068228584234085E-5
3.502448702374927E-5
3.498080009989302E-5
3.493716774349842E-5
3.48935898859537E-5
3.485006645842503E-5
3.480659739218961E-5
3.476318261874667E-5
3.471982206959545E-5
3.4676515676568265E-5
3.463326337116435E-5
3.459006508554907E-5
3.4546920751110655E-5
3.4503830299792426E-5
3.446079366431487E-5
3.441781077639927E-5
3.437488156798896E-5
3.43320059722485E-5
3.4289183921121236E-5
3.4246415346550485E-5
3.420370018236696E-5
3.416103836029194E-5
3.411842981337898E-5
3.40758744750147E-5
3.4033372277586516E-5
3.399092315381491E-5
3.394852703775264E-5
3.390618386145405E-5
3.386389355986008E-5
3.382165606480303E-5
3.3779471310446674E-5
3.373733923017763E-5
3.3695259757937635E-5
3.3653232827335344E-5
3.361125837175738E-5
3.3569336326255694E-5
3.352746662332873E-5
3.348564919780639E-5
3.344388398429654E-5
3.340217091640785E-5
3.336050992863715E-5
3.331890095537027E-5
3.3277343931659153E-5
3.323583879111247E-5
3.319438546900422E-5
3.315298390060839E-5
3.311163401942263E-5
3.307033576172014E-5
3.302908906199775E-5
3.298789385497436E-5
3.294675007636805E-5
3.2905657661563836E-5
3.2864616545391634E-5
3.2823626663902594E-5
3.278268795159356E-5
3.274180034507079E-5
3.270096378005238E-5
3.2660178191701306E-5
3.261944351629076E-5
3.257875968920576E-5
3.253812664760769E-5
3.2497544326326455E-5
3.24570126628565E-5
3.2416531592249775E-5
3.237610105111255E-5
3.233572097671722E-5
3.229539130467085E-5
3.225511197224584E-5
3.221488291593744E-5
3.217470407168577E-5
3.2134575377429364E-5
3.209449677010756E-5
3.2054468185993557E-5
3.2014489562581794E-5
3.1974560837255694E-5
3.1934681946732546E-5
3.189485282883986E-5
3.185507342073901E-5
3.181534366025751E-5
3.1775663484889805E-5
3.1736032832241357E-5
3.1696451639584566E-5
3.16569198455241E-5
3.1617437387554403E-5
3.157800420339196E-5
3.153862023175247E-5
3.1499285410241384E-5
3.1459999677796446E-5
3.142076297202312E-5
3.138157523108198E-5
3.134243639446588E-5
3.130334640044641E-5
3.126430518685108E-5
3.12253126929507E-5
3.1186368857460955E-5
3.1147473619763666E-5
3.1108626917686344E-5
3.106982869138797E-5
3.103107887925116E-5
3.099237742087979E-5
3.095372425521159E-5
3.091511932162838E-5
3.087656255995608E-5
3.083805390913241E-5
3.0799593308872275E-5
3.076118069955669E-5
3.072281601979032E-5
3.068449920962113E-5
3.06462302097632E-5
3.06080089592653E-5
3.056983539895253E-5
3.053170946798467E-5
3.0493631107630925E-5
3.0455600257162097E-5
3.0417616857736363E-5
3.037968084940168E-5
3.0341792172317028E-5
3.0303950767973653E-5
3.026615657630849E-5
3.0228409538035628E-5
3.019070959442427E-5
3.0153056686077484E-5
3.011545075415345E-5
3.0077891739255236E-5
3.0040379582874088E-5
3.000291422639023E-5
2.996549561062878E-5
2.992812367685893E-5
2.9890798367016025E-5
2.9853519622369262E-5
2.98162873839658E-5
2.9779101594185065E-5
2.9741962194629323E-5
2.9704869126900846E-5
2.9667822332934968E-5
2.963082175444498E-5
2.959386733381031E-5
2.955695901296629E-5
2.9520096733959278E-5
2.948328043905768E-5
2.9446510070973986E-5
2.940978557153251E-5
2.9373106883889832E-5
2.9336473950314357E-5
2.929988671229733E-5
2.9263345114216577E-5
2.9226849097896412E-5
2.919039860660444E-5
2.9153993582942128E-5
2.9117633969844015E-5
2.9081319710799747E-5
2.9045050748077728E-5
2.900882702594476E-5
2.8972648486891295E-5
2.8936515074851066E-5
2.890042673275861E-5
2.8864383404436644E-5
2.882838503315277E-5
2.8792431562396636E-5
2.8756522936657092E-5
2.8720659099090717E-5
2.868483999318716E-5
2.864906556387936E-5
2.8613335754767988E-5
2.857765050945371E-5
2.8542009772536403E-5
2.8506413488060822E-5
2.8470861600404795E-5
2.8435354054279216E-5
2.8399890793284754E-5
2.836447176246537E-5
2.8329096906309914E-5
2.8293766169751322E-5
2.825847949661231E-5
2.822323683260297E-5
2.8188038121657044E-5
2.815288330992871E-5
2.8117772341684777E-5
2.808270516185818E-5
2.80476817156039E-5
2.8012701948298968E-5
2.797776580587552E-5
2.7942873232267296E-5
