8903843.0 4548.0 6.9339692058E7 4.7252836302E7 1.402 2375044.0 31719.64529332 1.8
1.0236357E7 5802.0 9.7539765968E7 6.316715282E7 1.466 2275530.0 32416.78035471 2.29 
1.1145826E7 7053.0 1.16774150907E8 7.3476408143E7 1.33 2281131.0 32217.59890859 2.57
1.2227393E7 7638.0 1.39576174E8 8.5534676E7 1.56 2175668.0 33014.32469304 2.75
1.3022945E7 9213.0 1.70062714501E8 1.07271749904E8 1.29 2134175.0 33462.48294679 3.06
1.3765395E7 10283.0 2.01963574109E8 1.32027195626E8 1.23 2160067.0 32615.96180082 2.78
1.43167E7 8528.0 1.40928421211E8 1.02142612603E8 1.52 2401799.0 33761.25511596 3.38
1.5095603E7 10001.0 1.85544331852E8 1.13883219184E8 1.57 2496113.0 32366.98499318 3.87
1.6089528E7 10437.0 2.40841676274E8 1.3490686883E8 1.6 2367251.0 32615.96180082 4.29
1.7033413E7 10490.0 2.36545140909E8 1.52461736556E8 1.8 2337551.0 34259.20873124 4.57
1.7939447E7 10806.0 2.5166125011E8 1.51802637087E8 1.92 2398454.0 35802.86493861 5.0
1.8828721E7 10482.0 2.42177117073E8 1.5761015769E8 2.17 2455893.0 36101.63710778 4.6
1.9994472E7 9680.0 2.07206812505E8 1.43861522405E8 2.63 2501005.0 36350.61391542 4.45
