0.7557487919829886
0.3353610559157271
0.6073348433833828
0.4724839350272948
0.5172519375830189
0.4866162415163308
0.4838194502203819
0.47219261926562794
0.4632425855784835
0.4546101668816132
0.44657083169132833
0.4393192318891598
0.4327169603257273
0.4267742721585386
0.4214428326280595
0.41667036156133347
0.412385669919767
0.40849279122561305
0.4048802082302983
0.401439892553154
0.39809510479241095
0.39482400153517866
0.39166662879896164
0.3887059512298271
0.386000467662842
0.3833710453177899
0.37971895446382653
0.3711643402162789
0.3484230577297719
0.3036904973299894
0.25025563127620276
0.20818393656785955
0.18286960286436574
0.1678561216879648
0.15728015464885256
0.1496902552518246
0.14407441614072347
0.13972602949447752
0.1363043147859028
0.1335438732977844
0.1312815359084157
0.12939670117118848
0.12780486152715356
0.12644282985793437
0.1252636634150437
0.12423142795444954
0.12331852325504458
0.1225033836390391
0.1217690660729401
0.12110210781237737
0.12049174857894454
0.11992931499042234
0.11940777434857976
0.11892138355983597
0.11846542455883814
0.11803599582662137
0.11762985134410052
0.11724427310041048
0.11687697097942644
0.11652600304124015
0.11618971218591981
0.11586667540160106
0.1155556630688536
0.11525560613555379
0.11496556958161637
0.1146847308661543
0.11441236236702765
0.11414781701024267
0.11389051646564563
0.11363994140744536
0.11339562344407578
0.11315713839992521
0.11292410069617966
0.112696158627629
0.11247299037259967
0.11225430060473825
0.11203981760082739
0.1118292907589632
0.11162248845766926
0.11141919619944993
0.1112192149927353
0.11102235993452864
0.11082845896284305
0.11063735175344931
0.11044888873989753
0.11026293023934497
0.11007934566964478
0.10989801284553233
0.10971881734368737
0.10954165192805536
0.10936641602811344
0.10919301526387112
0.10902136101227819
0.10885137001047478
0.10868296399193993
0.10851606935211681
0.10835061684054548
0.10818654127689203
0.1080237812886027
0.10786227906815596
0.10770198014814582
0.10754283319260427
0.10738478980316464
0.10722780433879862
0.10707183374800651
0.10691683741244197
0.10676277700106036
0.10660961633396251
0.10645732125518755
0.10630585951377682
0.10615520065248753
0.10600531590359817
0.10585617809128617
0.10570776154011334
0.10556004198918363
0.10541299651158012
0.10526660343871755
0.10512084228927557
0.10497569370240496
0.10483113937492326
0.10468716200223475
0.10454374522273509
0.1044008735654731
0.10425853240086329
0.10411670789425338
0.10397538696217068
0.10383455723107696
0.10369420699847795
0.10355432519624493
0.10341490135600934
0.10327592557650911
0.10313738849276817
0.10299928124699664
0.10286159546111383
0.10272432321079886
0.10258745700097185
0.10245098974263216
0.10231491473096709
0.10217922562466258
0.10204391642634394
0.10190898146408374
0.10177441537391411
0.10164021308328866
0.10150636979543946
0.10137288097457738
0.1012397423318915
0.10110694981229915
0.10097449958190857
0.1008423880161517
0.10071061168855096
0.10057916736008682
0.10044805196912952
0.10031726262190623
0.10018679658347657
0.10005665126918233
0.09992682423655183
0.09979731317763234
0.09966811591172545
0.09953923037850466
0.09941065463149745
0.09928238683190656
0.09915442524275736
0.09902676822335105
0.09889941422400822
0.09877236178108718
0.0986456095122622
0.0985191561120471
0.09839300034755363
0.09826714105446906
0.09814157713324384
0.098016307545476
0.09789133131048372
0.09776664750205605
0.09764225524537018
0.09751815371407034
0.09739434212749544
0.09727081974805206
0.09714758587872015
0.09702463986069071
0.09690198107112229
0.09677960892101486
0.09665752285319136
0.09653572234038547
0.09641420688342577
0.09629297600951263
0.09617202927058682
0.09605136624177699
0.09593098651993265
0.09581088972222701
0.09569107548483469
0.09557154346167733
0.09545229332323102
0.09533332475539834
0.09521463745843582
0.09509623114593668
0.09497810554386764
0.0948602603896538
0.09474269543130925
0.09462541042661689
0.09450840514234489
0.09439167935350766
0.09427523284266316
0.09415906539924813
0.09404317681894454
0.09392756690308295
0.09381223545807378
0.09369718229487024
0.09358240722845726
0.09346791007736965
0.09335369066323328
0.09323974881033174
0.09312608434519525
0.09301269709621258
0.09289958689326046
0.09278675356735781
0.09267419695033373
0.09256191687451563
0.09244991317243535
0.09233818567654761
0.09222673421896851
0.09211555863122514
0.09200465874402004
0.09189403438700967
0.09178368538859379
0.09167361157571845
0.09156381277368976
0.09145428880599733
0.09134503949415047
0.09123606465752067
0.09112736411319769
0.09101893767585081
0.09091078515760061
0.09080290636789823
0.09069530111341198
0.09058796919792218
0.09048091042222176
0.09037412458402398
0.09026761147787797
0.09016137089508663
0.09005540262363484
0.08994970644811916
0.08984428214968568
0.08973912950597057
0.08963424829104659
0.08952963827537448
0.08942529922575755
0.08932123090530061
0.08921743307337382
0.08911390548557868
0.08901064789371903
0.08890766004577477
0.08880494168587758
0.08870249255429322
0.08860031238740168
0.08849840091768636
0.08839675787371873
0.08829538298015206
0.08819427595771351
0.08809343652320023
0.08799286438947658
0.08789255926547525
0.08779252085619764
0.08769274886271902
0.08759324298219345
0.08749400290786105
0.08739502832905786
0.08729631893122519
0.08719787439592214
0.08709969440083976
0.0870017786198143
0.08690412672284487
0.08680673837610901
0.08670961324198352
0.08661275097906106
0.08651615124217317
0.08641981368241024
0.08632373794714517
0.08622792368005534
0.08613237052114876
0.08603707810678739
0.08594204606971341
0.08584727403907635
0.08575276164045945
0.08565850849590806
0.08556451422395778
0.08547077843966354
0.08537730075462913
0.08528408077703728
0.08519111811168026
0.0850984123599906
0.0850059631200727
0.08491376998673483
0.08482183255152091
0.08473015040274257
0.08463872312551356
0.08454755030178121
0.08445663151036116
0.0843659663269692
0.08427555432425773
0.08418539507184726
0.08409548813636263
0.08400583308146664
0.08391642946789482
0.08382727685349012
0.08373837479323853
0.08364972283930226
0.08356132054105855
0.0834731674451301
0.0833852630954244
0.08329760703316712
0.08321019879693785
0.08312303792270587
0.08303612394386578
0.08294945639127203
0.08286303479327543
0.08277685867575856
0.08269092756217078
0.08260524097356385
0.08251979842862728
0.08243459944372467
0.08234964353292754
0.08226493020805162
0.08218045897869147
0.08209622935225633
0.08201224083400509
0.0819284929270797
0.0818449851325426
0.08176171694940955
0.08167868787468534
0.08159589740339755
0.08151334502863175
0.08143103024156549
0.081348952531502
0.0812671113859054
0.08118550629043349
0.08110413672897225
0.08102300218366916
0.08094210213496675
0.08086143606163577
0.08078100344080862
0.08070080374801221
0.080620836457201
0.0805411010407894
0.08046159696968401
0.08038232371331694
0.08030328073967694
0.08022446751534182
0.08014588350550991
0.08006752817403244
0.07998940098344422
0.07991150139499453
0.0798338288686793
0.07975638286327116
0.07967916283634957
0.07960216824433303
0.079525398542507
0.07944885318505561
0.07937253162509122
0.07929643331468324
0.0792205577048883
0.07914490424577944
0.0790694723864744
0.07899426157516538
0.07891927125914666
0.07884450088484393
0.07876994989784121
0.07869561774291026
0.07862150386403698
0.07854760770444985
0.07847392870664611
0.07840046631242079
0.07832721996289045
0.07825418909852375
0.07818137315916386
0.07810877158405793
0.07803638381188092
0.07796420928076224
0.07789224742831127
0.07782049769164294
0.07774895950740125
0.07767763231178686
0.07760651554057886
0.07753560862916171
0.07746491101254734
0.07739442212540058
0.07732414140206247
0.07725406827657356
0.07718420218269784
0.07711454255394506
0.0770450888235946
0.07697584042471703
0.07690679679019748
0.07683795735275767
0.07676932154497781
0.07670088879931808
0.07663265854814083
0.07656463022373171
0.07649680325832077
0.07642917708410406
0.07636175113326242
0.07629452483798461
0.07622749763048595
0.07616066894302871
0.07609403820794244
0.07602760485764305
0.07596136832465256
0.07589532804161875
0.07582948344133346
0.07576383395675196
0.07569837902101166
0.07563311806744956
0.0755680505296223
0.07550317584132223
0.07543849343659685
0.07537400274976487
0.07530970321543576
0.07524559426852413
0.07518167534426946
0.07511794587825144
0.07505440530640677
0.07499105306504615
0.07492788859086941
0.07486491132098315
0.07480212069291489
0.07473951614463012
0.07467709711454709
0.07461486304155163
0.0745528133650138
0.07449094752480083
0.07442926496129341
0.07436776511539929
0.07430644742856805
0.07424531134280514
0.07418435630068586
0.07412358174536897
0.0740629871206111
0.0740025718707789
0.07394233544086348
0.07388227727649298
0.07382239682394522
0.07376269353016067
0.07370316684275606
0.0736438162100348
0.0735846410810003
0.07352564090536862
0.07346681513357901
0.07340816321680654
0.07334968460697336
0.07329137875676044
0.07323324511961793
0.07317528314977748
0.07311749230226176
0.07305987203289674
0.0730024217983204
0.07294514105599521
0.07288802926421697
0.07283108588212515
0.07277431036971338
0.07271770218783888
0.07266126079823212
0.07260498566350661
0.07254887624716738
0.072492932013622
0.07243715242818755
0.07238153695710091
0.07232608506752716
0.07227079622756782
0.07221566990627057
0.07216070557363534
0.0721059027006257
0.07205126075917367
0.07199677922218993
0.07194245756357044
0.07188829525820548
0.07183429178198493
0.07178044661180771
0.07172675922558813
0.07167322910226341
0.07161985572180035
0.0715666385652024
0.07151357711451617
0.07146067085283896
0.07140791926432376
0.07135532183418704
0.0713028780487142
0.071250587395266
0.07119844936228463
0.07114646343929946
0.07109462911693282
0.07104294588690617
0.07099141324204461
0.07094003067628338
0.07088879768467271
0.07083771376338299
0.07078677840971001
0.0707359911220801
0.07068535140005444
0.07063485874433496
0.07058451265676716
0.07053431264034712
0.07048425819922381
0.07043434883870482
0.07038458406525959
0.07033496338652441
0.0702854863113062
0.0702361523495863
0.07018696101252442
0.07013791181246262
0.07008900426292859
0.07004023787863943
0.06999161217550537
0.06994312667063264
0.06989478088232715
0.06984657433009771
0.0697985065346587
0.0697505770179337
0.06970278530305796
0.06965513091438112
0.06960761337747094
0.06956023221911482
0.06951298696732286
0.06946587715133061
0.06941890230160094
0.06937206194982698
0.06932535562893392
0.06927878287308144
0.06923234321766578
0.06918603619932157
0.06913986135592388
0.0690938182265909
0.06904790635168329
0.06900212527280991
0.06895647453282482
0.06891095367583307
0.06886556224718864
0.06882029979349938
0.06877516586262478
0.06873016000368012
0.06868528176703605
0.06864053070432082
0.06859590636842018
0.0685514083134794
0.06850703609490394
0.06846278926936004
0.06841866739477595
0.06837467003034257
0.06833079673651418
0.06828704707500867
0.0682434206088085
0.06819991690216183
0.06815653552058147
0.06811327603084663
0.06807013800100281
0.06802712100036172
0.0679842245995022
0.06794144837026989
0.06789879188577753
0.06785625472040509
0.06781383644979937
0.0677715366508749
0.06772935490181246
0.06768729078206039
0.0676453438723334
0.06760351375461247
0.06756180001214517
0.0675202022294445
0.06747871999228944
0.06743735288772286
0.06739610050405359
0.06735496243085312
0.06731393825895722
0.06727302758046382
0.06723222998873345
0.06719154507838776
0.06715097244530906
0.06711051168663945
0.06707016240078056
0.06702992418739141
0.06698979664738859
0.06694977938294543
0.06690987199748949
0.0668700740957036
0.06683038528352318
0.06679080516813586
0.06675133335798004
0.06671196946274428
0.06667271309336466
0.06663356386202579
0.066594521382157
0.06655558526843328
0.0665167551367722
0.06647803060433341
0.06643941128951675
0.06640089681196162
0.06636248679254446
0.06632418085337743
0.06628597861780763
0.06624787971041496
0.06620988375701005
0.06617199038463342
0.06613419922155334
0.0660965098972646
0.0660589220424858
0.06602143528915888
0.06598404927044638
0.06594676362073001
0.0659095779756085
0.0658724919718963
0.06583550524762137
0.06579861744202282
0.06576182819555029
0.06572513714985984
0.06568854394781427
0.06565204823347967
0.06561564965212408
0.06557934785021448
0.06554314247541626
0.06550703317658936
0.06547101960378766
0.06543510140825579
0.06539927824242772
0.06536354975992388
0.06532791561554953
0.06529237546529222
0.06525692896632006
0.06522157577697801
0.06518631555678776
0.0651511479664439
0.0651160726678116
0.06508108932392531
0.06504619759898554
0.0650113971583565
0.06497668766856465
0.06494206879729472
0.06490754021338888
0.06487310158684341
0.0648387525888065
0.06480449289157561
0.06477032216859521
0.06473624009445464
0.06470224634488456
0.06466834059675551
0.06463452252807482
0.06460079181798416
0.06456714814675729
0.06453359119579669
0.0645001206476323
0.06446673618591764
0.06443343749542751
0.06440022426205645
0.06436709617281425
0.06433405291582515
0.06430109418032404
0.06426821965665405
0.06423542903626435
0.06420272201170645
0.06417009827663323
0.06413755752579392
0.06410509945503397
0.06407272376129018
0.06404043014258876
0.06400821829804378
0.06397608792785188
0.06394403873329231
0.063912070416722
0.06388018268157426
0.06384837523235501
0.06381664777464062
0.06378500001507507
0.06375343166136704
0.06372194242228693
0.06369053200766425
0.06365920012838538
0.06362794649638938
0.06359677082466694
0.06356567282725598
0.0635346522192397
0.06350370871674371
0.06347284203693282
0.06344205189800882
0.06341133801920648
0.06338070012079249
0.06335013792406077
0.06331965115133127
0.06328923952594534
0.06325890277226458
0.06322864061566685
0.06319845278254428
0.0631683390002994
0.063138298997343
0.06310833250309107
0.063078439247962
0.06304861896337341
0.06301887138173978
0.06298919623646897
0.06295959326195984
0.06293006219359926
0.062900602767759
0.06287121472179276
0.0628418977940342
0.06281265172379256
0.06278347625135137
0.06275437111796399
0.0627253360658523
0.0626963708382025
0.06266747517916264
0.06263864883384054
0.0626098915482998
0.06258120306955658
0.06255258314557921
0.06252403152528152
0.062495547958523585
0.06246713219610626
0.06243878398976986
0.06241050309219036
0.062382289256976586
0.06235414223866835
0.062326061792732125
0.06229804767555901
0.06227009964446179
0.062242217457671924
0.062214400874336794
0.06218664965451653
0.06215896355918143
0.062131342350208896
0.062103785790381116
0.06207629364338136
0.062048865673791274
0.06202150164708931
0.06199420132964533
0.06196696448872057
0.061939790892462834
0.0619126803099042
0.061885632510958764
0.06185864726641857
0.061831724347952116
0.061804863528100704
0.06177806458027509
0.06175132727875478
0.06172465139868209
0.06169803671606265
0.06167148300775944
0.06164499005149244
0.0616185576258343
0.061592185510208564
0.06156587348488613
0.06153962133098196
0.06151342883045443
0.06148729576610011
0.061461221921552046
0.06143520708127722
0.061409251030572855
0.06138335355556507
0.06135751444320465
0.061331733481265215
0.06130601045833955
0.06128034516383819
0.061254737387985335
0.06122918692181682
0.06120369355717724
0.061178257086717036
0.06115287730389017
0.06112755400295079
0.06110228697895087
0.06107707602773732
0.0610519209459499
0.061026821531017544
0.06100177758115587
0.06097678889536545
0.06095185527342759
0.06092697651590287
0.06090215242412773
0.06087738280021228
0.06085266744703701
0.06082800616825118
0.06080339876826871
0.06077884505226676
0.06075434482618228
0.06072989789670983
0.060705504071299175
0.06068116315815104
0.060656874966217224
0.06063263930519511
0.06060845598552749
0.06058432481839746
0.06056024561572872
0.06053621819017992
0.060512242355145
0.06048831792474791
0.06046444471384175
0.060440622538006125
0.06041685121354317
0.06039313055747686
0.06036946038754908
0.060345840522217545
0.06032227078065358
0.06029875098273826
0.06027528094906234
0.06025186050092071
0.06022848946031228
0.060205167649936206
0.06018189489318971
0.06015867101416557
0.06013549583764995
0.06011236918911906
0.06008929089473743
0.06006626078135514
0.06004327867650552
0.0600203444084019
0.05999745780593666
0.05997461869867761
0.05995182691686514
0.059929082291411105
0.05990638465389585
0.0598837338365651
0.05986112967232824
0.05983857199475626
0.05981606063807793
0.05979359543717875
0.059771176227598075
0.05974880284552708
0.05972647512780481
0.059704192911918634
0.05968195603599861
0.05965976433881786
0.05963761765978892
0.059615515838960555
0.059593458717017975
0.05957144613527763
0.05954947793568694
0.0595275539608206
0.05950567405387926
0.05948383805868639
0.059462045819686955
0.05944029718194383
0.059418591991136506
0.059396930093558724
0.05937531133611563
0.05935373556632203
0.05933220263229937
0.059310712382774806
0.05928926466707751
0.05926785933513758
0.059246496237482606
0.059225175225236765
0.059203896150117466
0.0591826588644339
0.059161463221084384
0.05914030907355419
0.059119196275913305
0.05909812468281481
0.05907709414949147
0.059056104531755055
0.05903515568599306
0.059014247469166885
0.058993379738810005
0.05897255235302455
0.05895176517048117
0.05893101805041527
0.05891031085262529
0.05888964343747093
0.0588690156658707
0.05884842739929969
0.05882787849978803
0.05880736882991797
0.058786898252822656
0.058766466632183094
0.058746073832226846
0.05872571971772567
0.05870540415399351
0.05868512700688407
0.05866488814278934
0.058644687428636884
0.05862452473188872
0.05860439992053813
0.058584312863108494
0.0585642634286511
0.058544251486742985
0.05852427690748429
0.058504339561497844
0.05848443931992589
0.058464576054427904
0.0584447496371799
0.05842495994087143
0.05840520683870329
0.058385490204386936
0.058365809912141374
0.058346165836691485
0.058326557853266
0.0583069858375958
0.05828744966591182
0.05826794921494379
0.05824848436191637
0.058229054984549576
0.05820966096105546
0.058190302170137036
0.0581709784909849
0.05815168980327751
0.058132435987177496
0.058113216923330505
0.05809403249286336
0.05807488257738226
0.058055767058970566
0.05803668582018693
0.058017638744064175
0.057998625714106494
0.05797964661428816
0.05796070132905178
0.05794178974330612
0.05792291174242426
0.057904067212242595
0.05788525603905784
0.05786647810962578
0.05784773331116008
0.05782902153132927
0.057810342658255895
0.057791696580514695
0.057773083187130266
0.057754502367575865
0.05773595401177128
0.05771743801008124
0.057698954253313776
0.0576805026327184
0.057662083039984144
0.05764369536723836
0.05762533950704437
0.05760701535240024
0.057588722796736845
0.05757046173391629
0.057552232058229895
0.057534033664397424
0.057515866447563964
0.05749773030329937
0.05747962512759636
0.05746155081686837
0.05744350726794903
0.05742549437808859
0.05740751204495452
0.05738956016662819
0.05737163864160392
0.05735374736878727
0.05733588624749358
0.057318055177445836
0.05730025405877387
0.057282482792011716
0.05726474127809691
0.057247029418368574
0.05722934711456554
0.057211694268825344
0.05719407078368222
0.057176476562065655
0.05715891150729864
0.05714137552309671
0.05712386851356538
0.05710639038319991
0.05708894103688215
0.057071520379880794
0.057054128317848236
0.057036764756819895
0.057019429603212955
0.05700212276382385
0.0569848441458277
0.05696759365677633
0.05695037120459697
0.05693317669759044
0.05691601004443032
0.05689887115416045
0.05688175993619469
0.056864676300314394
0.056847620156667215
0.05683059141576624
0.05681358998848789
0.05679661578607038
0.05677966872011291
0.056762748702573806
0.05674585564576886
0.0567289894623703
0.05671215006540561
0.056695337368255064
0.056678551284652
0.05666179172867895
0.05664505861476911
0.056628351857702965
0.05661167137260696
0.056595017074953444
0.05657838888055791
0.05656178670557847
0.05654521046651379
0.05652866008020254
0.056512135463821375
0.05649563653488347
0.056479163211238394
0.05646271541106888
0.056446293052891075
0.056429896055552264
0.05641352433822983
0.05639717782043095
0.056380856421988396
0.056364560063063
0.056348288664139205
